

1609962177670
1609962199316

1609962219372
1609962241049

1609962262148
1609962284200

1609962304300
1609962325845

1609962345828
1609962367382

1609962387676
1609962409447

1609962429797
1609962451603

1609962472140
1609962493196

1609962513506
1609962536137

1609962555752
1609962578135

1609962598455
1609962614748

1609962634432
1609962650650

1609962670647
1609962687032

1609962706412
1609962723259

1609962742798
1609962759114

1609962779391
1609962796173

1609962815855
1609962833057

1609962852716
1609962869572

1609962888773
1609962905575

1609962925392
1609962942118

1609962961164
1609962977324

1609962997861
1609963014371

1609963034106
1609963050488

1609963070244
1609963088821

1609963110932
1609963129417

1609963148816
1609963165542

1609963185497
1609963202206

1609963223005
1609963240444

1609963260158
1609963276435

1609963296367
1609963313350

1609963333038
1609963350090

1609963370257
1609963387729

1609963407207
1609963425302

1609963445461
1609963462695

1609963482693
1609963499930

1609963519472
1609963536312

1609963556376
1609963573452

1609963593347
1609963610612

1609963630006
1609963648489

1609963668365
1609963685102

1609963704274
1609963722122

1609963742338
1609963760528

1609963779692
1609963797660

1609963817746
1609963835548

1609963855594
1609963874075

1609963893712
1609963911835

1609963931051
1609963960969

1609963980682
1609964000758

1609964019578
1609964038628

1609964057908
1609964075811

1609964095361
1609964114394

1609964134465
1609964154427

1609964174727
1609964195182

1609964214548
1609964235081

1609964254653
1609964273880

1609964293468
1609964313316

1609964332754
1609964357965

1609964377687
1609964397197

1609964416668
1609964435533

1609964455036
1609964474715

1609964493981
1609964514551

1609964534213
1609964554448

1609964574614
1609964595077

1609964615123
1609964636418

1609964656334
1609964676638

1609964696716
1609964717692

1609964736660
1609964755836

1609964775600
1609964795910

1609964815525
1609964835665

1609964855226
1609964875030

1609964894797
1609964917236

1609964937769
1609964959226

1609964979112
1609965000186

1609965020109
1609965042269

1609965062763
1609965085043

1609965104290
1609965125955

1609965145201
1609965167049

1609965186605
1609965210006

1609965229538
1609965250349

1609965270554
1609965293104

1609965313734
1609965337627

1609965357815
1609965379757

1609965399951
1609965429115

1609965449735
1609965472450

1609965492320
1609965513274

1609965533362
1609965555039

1609965575048
1609965599144

1609965619095
1609965640873

1609965661103
1609965682588

1609965702397
1609965723345

1609965744247
1609965769122

1609965789917
1609965813581

1609965834561
1609965865903

1609965886376
1609965909318

1609965929092
1609965952949

1609965972890
1609966004516

1609966025281
1609966049205

1609966069944
1609966091666

1609966112839
1609966134749

1609966154937
1609966178146

1609966200077
1609966230937

1609966252382
1609966272851

1609966293765
1609966315921

1609966337340
1609966360963

1609966382974
1609966407187

1609966427651
1609966445903

1609966467975
1609966489574

1609966511679
1609966532947

1609966554720
1609966575047

1609966596336
1609966622583

1609966646883
1609966680807

1609966704350
1609966725022

1609966748960
1609966771014

1609966794823
1609966817362

1609966840940
1609966861980

1609966885787
1609966918917

1609966943434
1609966966940

1609966990987
1609967023666

1609967048058
1609967068642

1609967092690
1609967117330