

1609949962329
1609949976439

1609949996559
1609950011846

1609950031438
1609950046370

1609950067186
1609950081515

1609950101585
1609950116512

1609950136425
1609950151291

1609950172774
1609950186783

1609950207344
1609950221140

1609950242109
1609950255857

1609950276460
1609950290822

1609950310658
1609950322274

1609950342529
1609950353739

1609950373700
1609950384663

1609950404610
1609950415031

1609950434327
1609950444821

1609950464546
1609950476033

1609950495989
1609950506398

1609950526491
1609950536850

1609950556370
1609950566990

1609950586740
1609950598083

1609950617427
1609950627625

1609950647117
1609950657205

1609950676221
1609950686641

1609950705905
1609950716852

1609950736046
1609950746118

1609950765448
1609950775298

1609950794697
1609950804817

1609950824545
1609950835163

1609950854243
1609950865275

1609950884517
1609950894384

1609950912844
1609950922824

1609950942437
1609950952363

1609950971543
1609950981839

1609951002133
1609951012259

1609951031534
1609951041491

1609951060862
1609951070729

1609951089722
1609951100298

1609951119697
1609951130263

1609951149408
1609951159103

1609951178373
1609951188233

1609951207759
1609951217416

1609951237112
1609951248069

1609951266674
1609951275850

1609951295898
1609951307849

1609951326798
1609951336332

1609951356130
1609951366319

1609951385215
1609951396670

1609951415322
1609951430251

1609951450224
1609951460392

1609951479872
1609951490022

1609951510602
1609951520592

1609951539954
1609951550797

1609951570246
1609951581352

1609951600832
1609951611282

1609951630971
1609951641461

1609951661107
1609951671456

1609951691390
1609951701359

1609951720445
1609951731129

1609951750573
1609951760546

1609951779930
1609951790968

1609951810234
1609951820827

1609951841069
1609951851320

1609951870086
1609951880548

1609951899628
1609951908785

1609951928741
1609951939981

1609951959748
1609951969301

1609951989217
1609951999922

1609952019438
1609952029202

1609952049559
1609952059808

1609952079237
1609952090357

1609952109041
1609952121063

1609952140857
1609952152060

1609952171328
1609952182879

1609952201731
1609952213032

1609952232869
1609952244555

1609952264498
1609952275179

1609952294356
1609952305710

1609952325317
1609952335718

1609952355305
1609952368204

1609952387576
1609952397831

1609952418021
1609952429311

1609952449392
1609952460247

1609952480270
1609952490915

1609952510039
1609952521071

1609952540653
1609952551587

1609952571310
1609952581511

1609952601751
1609952613382

1609952633181
1609952644179

1609952663829
1609952674034

1609952694198
1609952704651

1609952724714
1609952735231

1609952755517
1609952765700

1609952786606
1609952797147

1609952817236
1609952826993

1609952846012
1609952856284

1609952875960
1609952886541

1609952906338
1609952916199

1609952936068
1609952947095

1609952966422
1609952976102

1609952995600
1609953007012

1609953026987
1609953039882

1609953060804
1609953074043

1609953094582
1609953115924

1609953136440
1609953157166

1609953178433
1609953203692

1609953224055
1609953243679

1609953264639
1609953278541

1609953299357
1609953310737

1609953331528
1609953346476

1609953367790
1609953381658

1609953404950
1609953416048

1609953439005
1609953449833

1609953473105
1609953483971

1609953507430
1609953521259

1609953544474
1609953555495

1609953578243
1609953589443

1609953612943
1609953623981

1609953646599
1609953659714

1609953683002
1609953694047

1609953717788
1609953728649