

1609939404123
1609939419341

1609939440129
1609939454824

1609939475651
1609939490318

1609939511038
1609939525654

1609939545823
1609939560562

1609939581325
1609939597309

1609939617208
1609939632273

1609939652644
1609939667864

1609939688907
1609939704685

1609939724847
1609939740283

1609939759855
1609939770430

1609939791430
1609939802523

1609939823108
1609939833763

1609939854023
1609939864650

1609939884784
1609939895835

1609939916163
1609939926652

1609939946976
1609939958682

1609939978773
1609939989005

1609940009042
1609940019786

1609940039587
1609940050810

1609940070763
1609940080196

1609940100029
1609940109394

1609940128782
1609940138586

1609940159101
1609940168630

1609940189410
1609940199136

1609940219117
1609940228389

1609940248592
1609940257869

1609940278623
1609940288423

1609940307650
1609940316340

1609940336541
1609940346694

1609940366074
1609940374625

1609940393792
1609940401951

1609940420638
1609940429334

1609940448443
1609940456841

1609940476695
1609940485292

1609940504912
1609940513565

1609940534154
1609940542817

1609940562894
1609940571072

1609940590965
1609940599538

1609940618869
1609940627213

1609940647216
1609940655358

1609940674697
1609940683282

1609940703196
1609940712083

1609940731842
1609940740314

1609940760045
1609940768540

1609940787965
1609940795980

1609940815375
1609940823858

1609940843676
1609940851765

1609940870961
1609940879705

1609940899474
1609940907950

1609940927917
1609940935956

1609940955200
1609940964426

1609940984250
1609940991893

1609941011424
1609941019555

1609941039553
1609941047197

1609941066526
1609941074056

1609941093623
1609941101709

1609941122005
1609941130106

1609941149735
1609941158123

1609941178594
1609941186398

1609941206166
1609941213642

1609941232798
1609941240215

1609941259222
1609941266424

1609941285601
1609941293069

1609941312685
1609941320202

1609941339786
1609941347274

1609941366895
1609941374382

1609941393447
1609941401288

1609941420914
1609941428694

1609941448384
1609941455845

1609941475695
1609941483213

1609941503512
1609941510936

1609941530826
1609941538103

1609941558303
1609941565902

1609941585065
1609941593127

1609941612705
1609941620139

1609941639793
1609941647223

1609941666725
1609941674348

1609941693884
1609941701278

1609941721257
1609941728648

1609941747751
1609941755113

1609941774927
1609941782537

1609941801994
1609941809518

1609941829419
1609941836786

1609941856685
1609941864469

1609941883944
1609941891315

1609941911349
1609941918932

1609941938957
1609941947024

1609941967076
1609941975075

1609941995418
1609942003483

1609942023634
1609942031151

1609942051537
1609942058617

1609942079568
1609942086395

1609942106643
1609942113969

1609942133307
1609942140187

1609942160163
1609942167798

1609942188196
1609942195656

1609942216368
1609942223860

1609942243495
1609942251202

1609942271729
1609942278870

1609942299107
1609942306325

1609942326524
1609942333569

1609942353650
1609942361152

1609942381767
1609942388933

1609942409722
1609942417140

1609942437933
1609942445578

1609942466059
1609942473554

1609942494346
1609942501748

1609942522231
1609942529780

1609942550687
1609942558431

1609942581317
1609942588692

1609942611855
1609942619060

1609942642798
1609942649881

1609942673587
1609942681027

1609942705277
1609942712385

1609942735661
1609942743013

1609942766222
1609942773516

1609942796978
1609942804065

1609942826987
1609942834486

1609942858127
1609942865655