

1609953749294
1609953765839

1609953785878
1609953801638

1609953821422
1609953837239

1609953857133
1609953873082

1609953893152
1609953908650

1609953929732
1609953945278

1609953966667
1609953982153

1609954002108
1609954017339

1609954037252
1609954053207

1609954074756
1609954091652

1609954111782
1609954123321

1609954143645
1609954155002

1609954174986
1609954186697

1609954206927
1609954218929

1609954239617
1609954251312

1609954270913
1609954283032

1609954303100
1609954314101

1609954334153
1609954345883

1609954366099
1609954378204

1609954397803
1609954408980

1609954428787
1609954439648

1609954459379
1609954469510

1609954489414
1609954500516

1609954520514
1609954531585

1609954550874
1609954562129

1609954581710
1609954593421

1609954612382
1609954623083

1609954643362
1609954655172

1609954674728
1609954686005

1609954706148
1609954717297

1609954736648
1609954747559

1609954767334
1609954778359

1609954798244
1609954808727

1609954827716
1609954839773

1609954858742
1609954869572

1609954889672
1609954900586

1609954920668
1609954931673

1609954951403
1609954963130

1609954982500
1609954993151

1609955012385
1609955023341

1609955042461
1609955054249

1609955073943
1609955086947

1609955105574
1609955116962

1609955136447
1609955147102

1609955166635
1609955177941

1609955197965
1609955209839

1609955228816
1609955240096

1609955259261
1609955270886

1609955290847
1609955302785

1609955321859
1609955333270

1609955352649
1609955364877

1609955384508
1609955396362

1609955415646
1609955428278

1609955447944
1609955460508

1609955480005
1609955495495

1609955515040
1609955526836

1609955546336
1609955560260

1609955580537
1609955593220

1609955613073
1609955630228

1609955650356
1609955667076

1609955686421
1609955698937

1609955718149
1609955731407

1609955751246
1609955764184

1609955784154
1609955797648

1609955817174
1609955830877

1609955849699
1609955861880

1609955881634
1609955894569

1609955914406
1609955927006

1609955946249
1609955959270

1609955979418
1609955991553

1609956011110
1609956024810

1609956044287
1609956058960

1609956078653
1609956091606

1609956110910
1609956123946

1609956144127
1609956156804

1609956175925
1609956189859

1609956209425
1609956222179

1609956241950
1609956256008

1609956275471
1609956288720

1609956308607
1609956321341

1609956340644
1609956353870

1609956373665
1609956387034

1609956406638
1609956420796

1609956441184
1609956456925

1609956475966
1609956488704

1609956508339
1609956521002

1609956541607
1609956554892

1609956574449
1609956592785

1609956612366
1609956627664

1609956646858
1609956659479

1609956679772
1609956700262

1609956720845
1609956738293

1609956758600
1609956772646

1609956793407
1609956812882

1609956833428
1609956848464

1609956868541
1609956881578

1609956902244
1609956917512

1609956937331
1609956951100

1609956971366
1609956985833

1609957006411
1609957019929

1609957041097
1609957057553

1609957078663
1609957092249

1609957113845
1609957127247

1609957148557
1609957162089

1609957183646
1609957200844

1609957222196
1609957236458

1609957258048
1609957284386

1609957306285
1609957318911

1609957340785
1609957359432

1609957381170
1609957394704

1609957418427
1609957434336

1609957457924
1609957474040

1609957497178
1609957514480

1609957537934
1609957553305

1609957577306
1609957590040

1609957613118
1609957627894

1609957651323
1609957665263

1609957689356
1609957703505

1609957727242
1609957739959

1609957763509
1609957776654