

1609942885142
1609942898970

1609942920053
1609942934195

1609942954506
1609942968923

1609942988950
1609943003086

1609943023618
1609943038252

1609943058830
1609943072830

1609943093297
1609943107420

1609943127393
1609943140940

1609943161359
1609943176226

1609943196820
1609943212242

1609943233028
1609943243241

1609943263477
1609943273775

1609943293469
1609943304093

1609943323673
1609943333938

1609943353476
1609943363549

1609943383720
1609943394357

1609943413838
1609943423620

1609943443264
1609943453330

1609943473211
1609943483578

1609943503523
1609943513456

1609943533958
1609943543267

1609943562837
1609943572428

1609943592182
1609943602184

1609943621411
1609943630999

1609943650722
1609943660341

1609943678940
1609943688320

1609943708528
1609943717971

1609943737669
1609943746627

1609943766743
1609943776225

1609943796813
1609943806576

1609943826976
1609943835959

1609943855392
1609943864163

1609943883540
1609943892068

1609943911740
1609943920848

1609943940563
1609943949348

1609943968448
1609943977084

1609943996592
1609944005564

1609944024529
1609944033241

1609944052348
1609944060614

1609944079451
1609944087936

1609944106720
1609944115333

1609944135038
1609944143834

1609944163463
1609944171708

1609944191074
1609944199621

1609944218679
1609944226522

1609944246111
1609944254798

1609944274455
1609944282877

1609944301658
1609944309935

1609944329028
1609944337179

1609944356155
1609944365080

1609944384624
1609944392843

1609944412149
1609944419973

1609944439013
1609944447183

1609944466807
1609944475340

1609944494423
1609944502786

1609944522308
1609944530671

1609944550231
1609944559018

1609944577408
1609944585776

1609944605719
1609944613864

1609944633719
1609944641391

1609944660642
1609944668225

1609944687102
1609944695305

1609944714940
1609944722715

1609944743013
1609944751577

1609944770415
1609944780924

1609944800246
1609944807956

1609944827701
1609944837893

1609944857608
1609944865091

1609944884188
1609944892111

1609944912143
1609944919954

1609944938910
1609944947118

1609944966657
1609944974447

1609944993547
1609945000976

1609945021030
1609945029267

1609945049103
1609945057034

1609945076451
1609945084433

1609945103457
1609945111913

1609945131907
1609945139586

1609945158462
1609945166740

1609945186507
1609945194901

1609945214575
1609945222671

1609945242745
1609945250408

1609945269992
1609945278052

1609945297921
1609945305752

1609945325948
1609945333837

1609945353485
1609945361449

1609945380823
1609945388996

1609945408114
1609945416128

1609945436519
1609945444558

1609945463987
1609945473065

1609945492655
1609945500183

1609945520641
1609945528301

1609945548273
1609945556175

1609945576354
1609945584497

1609945604127
1609945611911

1609945631384
1609945639142

1609945659358
1609945667199

1609945686445
1609945693851

1609945713896
1609945721672

1609945741101
1609945749978

1609945770838
1609945778306

1609945798834
1609945806831

1609945827104
1609945834902

1609945855348
1609945863364

1609945883890
1609945892034

1609945912032
1609945921752

1609945942325
1609945950708

1609945972077
1609945979295

1609946000029
1609946007864

1609946028365
1609946036718

1609946060145
1609946067734

1609946091534
1609946099714

1609946122778
1609946130579

1609946153831
1609946161698

1609946185596
1609946193064

1609946216690
1609946225044

1609946247859
1609946255853

1609946279414
1609946287653

1609946311048
1609946318803

1609946341023
1609946349480