

1609931750637
1609931769601

1609931789077
1609931807475

1609931828009
1609931846928

1609931866763
1609931885669

1609931905573
1609931925724

1609931946061
1609931966244

1609931985963
1609932006716

1609932026721
1609932047214

1609932066925
1609932088308

1609932109306
1609932131962

1609932151583
1609932167865

1609932188185
1609932202660

1609932222414
1609932237284

1609932256269
1609932270504

1609932290171
1609932306040

1609932325600
1609932340927

1609932360063
1609932373993

1609932394044
1609932409392

1609932429007
1609932444013

1609932463696
1609932478402

1609932497885
1609932511268

1609932530798
1609932545521

1609932565382
1609932579691

1609932599279
1609932614362

1609932633619
1609932647945

1609932667240
1609932680476

1609932700652
1609932714847

1609932734510
1609932749576

1609932769124
1609932782610

1609932802707
1609932817570

1609932836904
1609932849355

1609932869363
1609932881970

1609932901625
1609932914517

1609932935135
1609932952116

1609932971398
1609932985526

1609933005528
1609933019858

1609933039602
1609933052668

1609933072134
1609933085253

1609933104838
1609933118256

1609933138198
1609933151620

1609933170410
1609933184816

1609933203712
1609933218122

1609933237698
1609933252296

1609933272365
1609933291640

1609933311199
1609933324514

1609933344014
1609933358467

1609933378465
1609933393932

1609933413261
1609933430838

1609933450949
1609933466700

1609933485877
1609933501377

1609933520291
1609933535854

1609933555078
1609933569329

1609933588764
1609933601865

1609933621231
1609933636513

1609933656011
1609933673233

1609933692902
1609933708928

1609933728225
1609933742769

1609933762227
1609933779244

1609933798098
1609933812608

1609933832281
1609933847288

1609933866259
1609933881378

1609933900327
1609933915459

1609933935064
1609933948938

1609933968127
1609933982510

1609934002062
1609934017996

1609934037255
1609934051834

1609934071369
1609934086493

1609934106225
1609934122835

1609934142271
1609934157004

1609934176724
1609934191774

1609934211981
1609934226043

1609934245067
1609934260896

1609934280461
1609934295780

1609934314661
1609934329534

1609934349112
1609934364220

1609934383876
1609934399527

1609934419063
1609934434177

1609934453185
1609934467690

1609934487057
1609934501754

1609934520758
1609934534896

1609934554652
1609934568615

1609934588511
1609934602489

1609934621624
1609934636844

1609934656513
1609934669644

1609934689208
1609934703671

1609934723468
1609934737947

1609934757390
1609934771263

1609934790871
1609934804650

1609934824419
1609934837761

1609934856924
1609934870609

1609934890969
1609934904423

1609934925092
1609934939524

1609934959687
1609934973907

1609934994198
1609935008503

1609935028694
1609935041274

1609935061153
1609935074701

1609935094870
1609935108871

1609935128767
1609935143198

1609935163090
1609935175777

1609935195663
1609935208708

1609935229349
1609935242830

1609935264092
1609935276671

1609935297170
1609935310055

1609935330268
1609935342074

1609935362833
1609935375517

1609935396262
1609935408807

1609935429159
1609935441954

1609935461959
1609935474273

1609935495487
1609935508211

1609935529393
1609935541846

1609935564843
1609935576944

1609935599645
1609935612157

1609935635594
1609935648053

1609935670338
1609935683213

1609935707006
1609935719927

1609935743611
1609935756088

1609935778756
1609935791450

1609935814520
1609935827154

1609935849891
1609935862049

1609935884904
1609935897699
