

1609957796612
1609957812915

1609957832753
1609957850303

1609957870659
1609957887522

1609957907484
1609957924992

1609957944442
1609957961874

1609957982560
1609957999742

1609958020092
1609958036944

1609958058135
1609958076165

1609958096261
1609958113344

1609958133098
1609958150438

1609958170764
1609958184380

1609958204651
1609958217731

1609958237367
1609958251223

1609958270667
1609958283811

1609958303184
1609958316153

1609958337155
1609958349451

1609958368999
1609958382137

1609958401838
1609958414548

1609958434099
1609958446258

1609958466928
1609958480649

1609958499880
1609958512259

1609958531797
1609958544271

1609958564136
1609958577154

1609958596710
1609958609106

1609958629267
1609958642988

1609958662462
1609958676921

1609958695829
1609958708053

1609958727666
1609958740308

1609958760588
1609958773318

1609958792311
1609958805214

1609958824545
1609958836940

1609958856212
1609958869729

1609958888909
1609958902205

1609958921634
1609958936719

1609958955488
1609958968529

1609958987567
1609959000246

1609959019442
1609959032626

1609959052159
1609959064691

1609959084571
1609959097695

1609959117843
1609959131326

1609959150688
1609959163772

1609959182967
1609959196861

1609959216050
1609959229776

1609959248974
1609959263011

1609959282489
1609959297022

1609959317467
1609959331723

1609959351372
1609959364828

1609959383686
1609959397603

1609959417530
1609959431366

1609959450927
1609959465499

1609959485160
1609959499689

1609959518644
1609959533860

1609959553969
1609959568548

1609959587765
1609959602812

1609959622244
1609959636458

1609959656661
1609959671350

1609959690881
1609959705821

1609959725653
1609959740084

1609959759596
1609959775450

1609959794571
1609959809133

1609959829010
1609959844736

1609959864713
1609959879865

1609959899607
1609959914509

1609959934414
1609959950146

1609959969999
1609959986425

1609960005593
1609960020843

1609960040336
1609960055462

1609960074956
1609960100033

1609960119353
1609960134220

1609960153720
1609960170212

1609960189975
1609960205907

1609960225623
1609960243768

1609960263012
1609960278949

1609960298770
1609960315484

1609960335020
1609960351780

1609960371262
1609960387046

1609960406409
1609960422687

1609960442160
1609960458904

1609960478360
1609960493969

1609960513721
1609960529022

1609960548749
1609960564799

1609960584369
1609960603572

1609960623543
1609960644357

1609960664541
1609960691282

1609960711200
1609960730131

1609960750809
1609960772567

1609960792664
1609960813245

1609960833331
1609960848650

1609960868015
1609960883170

1609960902409
1609960919373

1609960939999
1609960960201

1609960980114
1609961017982

1609961038197
1609961053919

1609961074419
1609961097624

1609961119368
1609961134935

1609961155972
1609961173531

1609961194018
1609961212237

1609961232504
1609961248649

1609961269145
1609961295468

1609961315704
1609961332091

1609961353486
1609961369359

1609961390117
1609961405782

1609961426498
1609961448091

1609961468914
1609961483712

1609961504378
1609961529745

1609961551372
1609961568222

1609961589709
1609961607510

1609961628109
1609961644938

1609961665927
1609961681773

1609961702609
1609961719720

1609961743742
1609961764554

1609961788234
1609961810437

1609961835235
1609961857270

1609961880514
1609961897809

1609961921708
1609961937798

1609961961609
1609961982447

1609962006301
1609962023231

1609962047145
1609962064460

1609962088075
1609962111010

1609962134546
1609962156217