

1609946370030
1609946383953

1609946403837
1609946417204

1609946438496
1609946452125

1609946472661
1609946487291

1609946508175
1609946521754

1609946542343
1609946554714

1609946574764
1609946588134

1609946608129
1609946621982

1609946642398
1609946656458

1609946676850
1609946689831

1609946709809
1609946719918

1609946739953
1609946750445

1609946770403
1609946780900

1609946800796
1609946811014

1609946830653
1609946840616

1609946860453
1609946871012

1609946890794
1609946901419

1609946921670
1609946931321

1609946950980
1609946961891

1609946981672
1609946991747

1609947011410
1609947022188

1609947042133
1609947051841

1609947070884
1609947080766

1609947100376
1609947109827

1609947128890
1609947138216

1609947157879
1609947167317

1609947186115
1609947195940

1609947216023
1609947225212

1609947243840
1609947253035

1609947272618
1609947282280

1609947302080
1609947311387

1609947330521
1609947339178

1609947358700
1609947368080

1609947387532
1609947397339

1609947417279
1609947427514

1609947447616
1609947457188

1609947477130
1609947487172

1609947506451
1609947515772

1609947535176
1609947544389

1609947563925
1609947572993

1609947593225
1609947602598

1609947622248
1609947631642

1609947650815
1609947659159

1609947678489
1609947687745

1609947707427
1609947717084

1609947736376
1609947746076

1609947765233
1609947774960

1609947794492
1609947803413

1609947823092
1609947832214

1609947851186
1609947860914

1609947880638
1609947889951

1609947909329
1609947919679

1609947939089
1609947948317

1609947967541
1609947977046

1609947997266
1609948006580

1609948026037
1609948035142

1609948053741
1609948062356

1609948081655
1609948098181

1609948118099
1609948127416

1609948146044
1609948155778

1609948174995
1609948184647

1609948203946
1609948212380

1609948230936
1609948240060

1609948259845
1609948269794

1609948290086
1609948298771

1609948318514
1609948327125

1609948346752
1609948355733

1609948375061
1609948384548

1609948403571
1609948412313

1609948431405
1609948441215

1609948460342
1609948469434

1609948488630
1609948497420

1609948517096
1609948526341

1609948546122
1609948557189

1609948576775
1609948585594

1609948604825
1609948614205

1609948633328
1609948642381

1609948661599
1609948670615

1609948689904
1609948698890

1609948719067
1609948728146

1609948748219
1609948757783

1609948777209
1609948790848

1609948810337
1609948819171

1609948838590
1609948847631

1609948867458
1609948876665

1609948896363
1609948905380

1609948924875
1609948933862

1609948952885
1609948963242

1609948983043
1609948991868

1609949011555
1609949020735

1609949040571
1609949049133

1609949068833
1609949078035

1609949097887
1609949106681

1609949126752
1609949136214

1609949155843
1609949164456

1609949184683
1609949193689

1609949213226
1609949222750

1609949242669
1609949250956

1609949270802
1609949279472

1609949298994
1609949308019

1609949328528
1609949337650

1609949358102
1609949375038

1609949395592
1609949405603

1609949426103
1609949435701

1609949456220
1609949465421

1609949486566
1609949496876

1609949517422
1609949528604

1609949549112
1609949558736

1609949580096
1609949589789

1609949610135
1609949619605

1609949642724
1609949651807

1609949675073
1609949684118

1609949706203
1609949715662

1609949738768
1609949747521

1609949770366
1609949779497

1609949802393
1609949811476

1609949834785
1609949843994

1609949867248
1609949876469

1609949899082
1609949908962

1609949931496
1609949941774