

1609935918446
1609935933939

1609935954264
1609935969359

1609935990090
1609936005118

1609936025826
1609936041051

1609936061772
1609936077403

1609936097522
1609936112658

1609936133944
1609936149351

1609936169914
1609936184883

1609936205298
1609936220667

1609936241087
1609936256666

1609936276567
1609936287634

1609936307786
1609936318785

1609936338737
1609936349581

1609936369606
1609936380356

1609936400456
1609936411764

1609936432056
1609936443352

1609936462489
1609936473367

1609936493801
1609936505416

1609936525527
1609936536879

1609936555740
1609936566896

1609936586328
1609936596039

1609936615341
1609936624900

1609936644426
1609936654620

1609936674599
1609936684200

1609936704817
1609936714629

1609936734218
1609936744402

1609936764057
1609936773548

1609936793030
1609936802807

1609936822802
1609936832309

1609936852268
1609936861492

1609936881161
1609936890585

1609936910182
1609936919251

1609936938888
1609936947794

1609936967500
1609936976745

1609936996772
1609937006053

1609937026046
1609937034681

1609937054431
1609937063118

1609937083411
1609937092202

1609937112153
1609937121552

1609937141544
1609937150654

1609937169806
1609937178187

1609937198074
1609937207109

1609937227045
1609937235788

1609937255553
1609937264041

1609937284047
1609937292633

1609937312442
1609937320839

1609937340453
1609937348732

1609937368290
1609937377128

1609937396740
1609937404508

1609937424725
1609937433312

1609937452967
1609937461346

1609937480502
1609937488811

1609937507937
1609937515850

1609937535336
1609937543644

1609937563511
1609937571257

1609937591491
1609937599110

1609937619110
1609937627079

1609937646461
1609937654188

1609937673428
1609937681674

1609937701305
1609937709467

1609937729607
1609937737345

1609937756609
1609937764150

1609937783673
1609937791455

1609937811374
1609937819007

1609937838729
1609937846572

1609937866265
1609937873987

1609937893476
1609937901640

1609937921466
1609937928868

1609937948727
1609937956227

1609937975495
1609937983197

1609938002915
1609938010900

1609938030329
1609938038029

1609938057781
1609938065473

1609938085007
1609938092590

1609938111511
1609938118950

1609938138465
1609938145763

1609938165081
1609938172494

1609938191457
1609938199679

1609938218792
1609938226507

1609938246550
1609938254086

1609938273608
1609938281737

1609938301771
1609938309160

1609938329047
1609938336518

1609938356074
1609938363402

1609938383092
1609938390943

1609938409828
1609938417684

1609938437419
1609938444944

1609938465111
1609938472814

1609938493051
1609938500859

1609938520338
1609938528332

1609938548655
1609938555994

1609938575740
1609938583097

1609938603769
1609938610920

1609938630876
1609938638056

1609938657926
1609938665273

1609938685417
1609938692703

1609938713293
1609938720610

1609938739883
1609938747521

1609938767618
1609938774848

1609938795441
1609938802685

1609938823840
1609938831191

1609938851805
1609938859166

1609938879869
1609938887286

1609938908045
1609938915484

1609938936729
1609938944161

1609938964736
1609938971623

1609938992161
1609938999411

1609939019929
1609939027534

1609939047928
1609939055278

1609939075936
1609939083160

1609939106074
1609939113234

1609939135544
1609939142446

1609939165908
1609939172762

1609939195605
1609939202242

1609939225576
1609939232946

1609939256741
1609939263935

1609939286688
1609939293804

1609939317150
1609939323848

1609939346831
1609939354145

1609939376683
1609939383479
