

1609855818544
1609855828739

1609855844999
1609855854225

1609855869977
1609855880346

1609855895386
1609855912566

1609856168084
1609856216966

1609856238732
1609856316237

1609856338830
1609856389846

1609856408555
1609856463638

1609856485118
1609856558876

1609856580015
1609856637782

1609856664388
1609856739836

1609856762239
1609856825889

1609856844104
1609856927203

1609856947817
1609857031633

1609857052909
1609857125656

1609857145363

1609887211677
1609887275453

1609887292819
1609887355473

1609887372243
1609887436505

1609887453109
1609887526426

1609887543542
1609887585541

1609887603143
1609887667543

1609887683897
1609887744650

1609887761435
1609887826000

1609887842394
1609887906312

1609887922039
1609887963035

1609887978670
1609888035789

1609888050987
1609888104094

1609888119493
1609888172192

1609888187385
1609888243387

1609888258193
1609888310855

1609888326051
1609888381325

1609888396697
1609888453145

1609888467950
1609888524259

1609888539413
1609888595444

1609888610664
1609888667566

1609888682442
1609888732368

1609888746927
1609888779673

1609888793803
1609888827578

1609888841840
1609888895467

1609888910041
1609888959798

1609888974251
1609889026327

1609889042366
1609889106431

1609889121042
1609889170855

1609889185362
1609889248949

1609889263758
1609889314457

1609889328749
1609889380581

1609889394719
1609889445351

1609889459584
1609889510882

1609889525277
1609889578604

1609889593166
1609889642027

1609889655927
1609889689753

1609889703972
1609889738764

1609889752961
1609889803241

1609889817647
1609889868804

1609889882720
1609889934545

1609889948574
1609889982836

1609889996464
1609890030985

1609890045112
1609890094156

1609890107946
1609890144462

1609890158530
1609890206389

1609890220235
1609890256041

1609890270177
1609890321214

1609890334991
1609890390797

1609890404637
1609890452092

1609890465823
1609890497716

1609890511400
1609890559948

1609890573751
1609890624730

1609890638601
1609890674018

1609890688036
1609890739037

1609890752830
1609890786286

1609890800071
1609890850192

1609890863813
1609890898048

1609890912464
1609890948157

1609890961963
1609891010426

1609891024189
1609891058992

1609891072692
1609891123798

1609891137415
1609891186174

1609891200075
1609891251710

1609891265249
1609891299140

1609891312777
1609891345744

1609891359917
1609891408366

1609891421927
1609891478391

1609891492104
1609891541658

1609891555276
1609891605506

1609891619364
1609891654808

1609891668244
1609891702425

1609891716316
1609891764281

1609891778160
1609891841405

1609891855224
1609891890218

1609891903781
1609891936254

1609891949990
1609891983736

1609891997368
1609892048955

1609892062871
1609892115048

1609892129078
1609892166550

1609892180403
1609892215705

1609892229957
1609892284515

1609892298610
1609892336589

1609892350928
1609892402712

1609892416604
1609892471823

1609892487386
1609892538469

1609892552307
1609892603844

1609892617508
1609892676003

1609892690342
1609892752375

1609892765956
1609892812701

1609892826591
1609892874541

1609892888691
1609892938740

1609892953081
1609893001166

1609893015446
1609893064390

1609893078859
1609893118553

1609893133106
1609893182317

1609893196772
1609893246440

1609893261955
1609893310023

1609893324365
1609893358948

1609893373286
1609893408601

1609893422986
1609893474188

1609893489669
1609893538856

1609893554757
1609893605799

1609893621352
1609893671147

1609893687010
1609893739401

1609893755121
1609893790114

1609893805766
1609893858015

1609893874899
1609893909288

1609893925310
1609893961937

1609893977832
1609894020543

1609894036153
1609894087196

1609894106453
1609894157566

1609894177693
1609894233705

1609894253541
1609894288849

1609894308817
1609894362798

1609894383759
1609894446257

1609894465608
1609894523290

1609894542723
1609894596278

1609894615547
1609894671288

1609894690650
1609894751088

1609894770595
1609894807377