

1609894824029
1609894861078

1609894877619
1609894915718

1609894932590
1609894979552

1609894995981
1609895035186

1609895051874
1609895090289

1609895106419
1609895144527

1609895163115
1609895210377

1609895227008
1609895265512

1609895282026
1609895320822

1609895337325
1609895375280

1609895390652
1609895422196

1609895437192
1609895469932

1609895484844
1609895511774

1609895526728
1609895549648

1609895565159
1609895598569

1609895613548
1609895637508

1609895652827
1609895675236

1609895690497
1609895724363

1609895739952
1609895773197

1609895788450
1609895822144

1609895838471
1609895870160

1609895885780
1609895917431

1609895931736
1609895961207

1609895975682
1609896006709

1609896021171
1609896051620

1609896066468
1609896097554

1609896112622
1609896144110

1609896158481
1609896189297

1609896204115
1609896226225

1609896240855
1609896271894

1609896286032
1609896316801

1609896330915
1609896354076

1609896368087
1609896395469

1609896409697
1609896439159

1609896453405
1609896483505

1609896497514
1609896518946

1609896533198
1609896563238

1609896577392
1609896608813

1609896623056
1609896652747

1609896667125
1609896698195

1609896712293
1609896743210

1609896757270
1609896779619

1609896793611
1609896824965

1609896838860
1609896860842

1609896874676
1609896897080

1609896910967
1609896941377

1609896955545
1609896986404

1609897000125
1609897030546

1609897044504
1609897075028

1609897088613
1609897119032

1609897133261
1609897156240

1609897170307
1609897205205

1609897218865
1609897240818

1609897254576
1609897286066

1609897299684
1609897330666

1609897344191
1609897373488

1609897387312
1609897418269

1609897432033
1609897454548

1609897468348
1609897490400

1609897504070
1609897525717

1609897539462
1609897570964

1609897584792
1609897615756

1609897629634
1609897660683

1609897674314
1609897697305

1609897712888
1609897745518

1609897759355
1609897790607

1609897804491
1609897827935

1609897841819
1609897873088

1609897886776
1609897918121

1609897932158
1609897964856

1609897978488
1609898009926

1609898023684
1609898062490

1609898078025
1609898109810

1609898123362
1609898160198

1609898174538
1609898196989

1609898210646
1609898233183

1609898246994
1609898278737

1609898292832
1609898324503

1609898338137
1609898368161

1609898381815
1609898415025

1609898428612
1609898461602

1609898475618
1609898505553

1609898519473
1609898551345

1609898565290
1609898597108

1609898610964
1609898642215

1609898656153
1609898680731

1609898694718
1609898726839

1609898740907
1609898773419

1609898787505
1609898819655

1609898833554
1609898868263

1609898882970
1609898915618

1609898930615
1609898963887

1609898978431
1609899009735

1609899024376
1609899056079

1609899070502
1609899103718

1609899118268
1609899149716

1609899163977
1609899200353

1609899214926
1609899246092

1609899260681
1609899291679

1609899306346
1609899338190

1609899353780
1609899389255

1609899404776
1609899436401

1609899452080
1609899483042

1609899498762
1609899530175

1609899545926
1609899578843

1609899596288
1609899618665

1609899634746
1609899666884

1609899682692
1609899706227

1609899722306
1609899745757

1609899761106
1609899793244

1609899812349
1609899843476

1609899863482
1609899894914

1609899914245
1609899954410

1609899974244
1609900012562

1609900031960
1609900063611

1609900083019
1609900120375

1609900139857
1609900162513

1609900182022
1609900213704

1609900234941
1609900268305

1609900287684
1609900318161