

1608721110786
1608721122074

1608721137112
1608721148638

1608721163673
1608721175619

1608721190680
1608721202113

1608721217456
1608721226065

1608721241384
1608721251157

1608721265982
1608721277045

1608721291604
1608721300267

1608721315703
1608721324214

1608721339344
1608721347992

1608721362583
1608721370154

1608721385342
1608721395852

1608721410496
1608721418165

1608721433906
1608721441418

1608721456703
1608721467071

1608721481968
1608721492117

1608721507380
1608721517094

1608721532464
1608721542205

1608721557081
1608721567102

1608721581961
1608721592035

1608721606126
1608721614435

1608721629161
1608721636265

1608721650203
1608721657556

1608721671803
1608721679074

1608721693759
1608721703986

1608721718220
1608721729050

1608721745466
1608721752867

1608721766920
1608721775989

1608721789938
1608721804603

1608721821036
1608721831181

1608721845095
1608721854951

1608721868867
1608721876982

1608721891232
1608721901899

1608721916142
1608721927236

1608721941595
1608721951387

1608721965335
1608721975951

1608721989574
1608722000106

1608722014231
1608722026479

1608722044963
1608722058079

1608722072333
1608722081080

1608722094918
1608722105620

1608722119849
1608722128115

1608722145015
1608722155809

1608722170122
1608722181293

1608722195225
1608722204681

1608722218729
1608722229041

1608722243184
1608722253798

1608722267713
1608722275986

1608722290401
1608722301018

1608722314939
1608722326003

1608722340604
1608722351374

1608722365413
1608722373893

1608722387622
1608722395641

1608722409463
1608722419489

1608722433385
1608722443484

1608722457554
1608722468251

1608722482022
1608722489732

1608722503749
1608722514081

1608722528078
1608722536928

1608722550673
1608722561114

1608722575216
1608722585766

1608722599801
1608722610856

1608722624982
1608722634078

1608722648285
1608722659109

1608722673288
1608722683815

1608722697956
1608722708377

1608722722558
1608722732508

1608722747158
1608722757241

1608722771608
1608722781957

1608722795837
1608722806888

1608722820937
1608722829872

1608722843945
1608722854969

1608722869048
1608722879654

1608722893528
1608722902698

1608722916512
1608722927176

1608722941474
1608722954048

1608722967945
1608722976647

1608722990871
1608723001520

1608723015266
1608723024019

1608723038044
1608723047516

1608723062124
1608723072629

1608723087286
1608723097940

1608723112495
1608723122868

1608723137251
1608723146271

1608723160643
1608723171325

1608723185223
1608723196360

1608723210812
1608723221264

1608723235275
1608723247332

1608723261034
1608723271893

1608723286423
1608723297603

1608723312699
1608723322364

1608723337179
1608723348835

1608723364017
1608723374904

1608723389702
1608723401780

1608723416316
1608723427397

1608723442426
1608723452629

1608723467676
1608723481887

1608723497115
1608723508496

1608723523489
1608723536192

1608723551032
1608723563231