

1610018239595
1610018302204

1610018318720
1610018378263

1610018394250
1610018442335

1610018459139
1610018521189

1610018537021
1610018591176

1610018607725
1610018669577

1610018686111
1610018748102

1610018764744
1610018834125

1610018850061
1610018899875

1610018917050
1610018975878

1610018991367
1610019040838

1610019055951
1610019095780

1610019110892
1610019150777

1610019166142
1610019215334

1610019230812
1610019268027

1610019282976
1610019323293

1610019338483
1610019385913

1610019401297
1610019451260

1610019466904
1610019513874

1610019529424
1610019576690

1610019591393
1610019634337

1610019648702
1610019692285

1610019707225
1610019750949

1610019765419
1610019809281

1610019824270
1610019867859

1610019882380
1610019925806

1610019940748
1610019985032

1610019999407
1610020051365

1610020066286
1610020100003

1610020114641
1610020159316

1610020173921
1610020213595

1610020227798
1610020265706

1610020279954
1610020318256

1610020332419
1610020370498

1610020384827
1610020423460

1610020437746
1610020475521

1610020490052
1610020527969

1610020542641
1610020580163

1610020594646
1610020630413

1610020644527
1610020674475

1610020688593
1610020723663

1610020737887
1610020781544

1610020795576
1610020825767

1610020839839
1610020872981

1610020887576
1610020930564

1610020944731
1610020982788

1610020997238
1610021034627

1610021048687
1610021083419

1610021097939
1610021136241

1610021150572
1610021186531

1610021202718
1610021245774

1610021260520
1610021297063

1610021311062
1610021349478

1610021363458
1610021398316

1610021412544
1610021453137

1610021467564
1610021503260

1610021517468
1610021559422

1610021573561
1610021617895

1610021632002
1610021676559

1610021690416
1610021733704

1610021747570
1610021788045

1610021802067
1610021848165

1610021862102
1610021919985

1610021934121
1610021979868

1610021993602
1610022039476

1610022053561
1610022100102

1610022113787
1610022166310

1610022180292
1610022229994

1610022244015
1610022285972

1610022299614
1610022344775

1610022359185
1610022406775

1610022420845
1610022455986

1610022469905
1610022507269

1610022521409
1610022561509

1610022575474
1610022621349

1610022635212
1610022679158

1610022693398
1610022740084

1610022754230
1610022799172

1610022813154
1610022857423

1610022871589
1610022915319

1610022929651
1610022970878

1610022987382
1610023030859

1610023046197
1610023102717

1610023116962
1610023163192

1610023177653
1610023215882

1610023230254
1610023274434

1610023288563
1610023331984

1610023346429
1610023388405

1610023402745
1610023436467

1610023450745
1610023499239

1610023514110
1610023565836

1610023580637
1610023624773

1610023639807
1610023701213

1610023715929
1610023760272

1610023774844
1610023814520

1610023829245
1610023875632

1610023890507
1610023930025

1610023944843
1610023999569

1610024014555
1610024060618

1610024075519
1610024124825

1610024140568
1610024178820

1610024194777
1610024239032

1610024255949
1610024304832

1610024320944
1610024362950

1610024379075
1610024438555

1610024454412
1610024496905

1610024512922
1610024553090

1610024569137
1610024614931

1610024630684
1610024682534

1610024698456
1610024732053

1610024751820
1610024791341

1610024811718
1610024855699

1610024875143
1610024913766

1610024934019
1610024983927

1610025003872
1610025047439

1610025067281
1610025116843

1610025136872
1610025186829

1610025206551
1610025256041

1610025275844
1610025323361

1610025343342
1610025383827