

1609611294979
1609611309415

1609611325818
1609611335631

1609611350774
1609611362810

1609611377399
1609611389838

1609611404537
1609611415826

1609611430457
1609611442899

1609611457938
1609611469994

1609611484829
1609611494879

1609611509373
1609611518924

1609611533629
1609611546062

1609611560153
1609611570852

1609611585316
1609611595560

1609611611402
1609611620068

1609611636376
1609611647356

1609611663230
1609611673763

1609611688599
1609611697930

1609611712750
1609611722286

1609611737094
1609611747243

1609611762187
1609611771044

1609611785369
1609611796566

1609611810678
1609611820249

1609611834441
1609611843949

1609611858150
1609611867704

1609611882061
1609611894204

1609611908299
1609611916747

1609611930479
1609611941469

1609611955866
1609611965939

1609611980218
1609611990989

1609612004995
1609612015866

1609612030185
1609612040458

1609612054524
1609612064458

1609612078651
1609612088278

1609612102246
1609612116578

1609612130516
1609612144466

1609612158551
1609612170979

1609612184578
1609612195468

1609612211492
1609612225426

1609612239431
1609612246908

1609612260667
1609612270367

1609612284387
1609612294707

1609612308447
1609612321832

1609612335592
1609612346744

1609612361126
1609612376758

1609612390620
1609612401270

1609612415035
1609612424829

1609612438558
1609612453012

1609612467064
1609612479103

1609612494033
1609612506468

1609612520613
1609612532966

1609612546792
1609612560793

1609612574461
1609612586435

1609612600718
1609612613228

1609612626768
1609612641764

1609612655670
1609612666050

1609612680127
1609612696149

1609612709922
1609612726464

1609612740151
1609612755583

1609612769395
1609612785065

1609612798980
1609612814135

1609612827998
1609612839309

1609612852757
1609612867427

1609612881311
1609612896943

1609612910761
1609612922500

1609612936185
1609612950305

1609612964318
1609612980133

1609612994110
1609613009528

1609613023352
1609613037986

1609613051637
1609613065898

1609613079795
1609613094392

1609613108627
1609613123630

1609613137621
1609613153173

1609613167159
1609613181555

1609613195579
1609613209880

1609613223690
1609613235894

1609613249625
1609613262948

1609613276621
1609613290950

1609613304937
1609613320037

1609613333975
1609613344697

1609613358407
1609613373163

1609613386919
1609613400586

1609613414775
1609613428982

1609613443131
1609613456300

1609613470273
1609613483776

1609613497958
1609613508055

1609613522384
1609613537835

1609613551772
1609613566326

1609613580778
1609613587758

1609613602714
1609613614937

1609613629917
1609613645168

1609613659394
1609613671639

1609613686492
1609613700079

1609613715240
1609613728273

1609613742981
1609613755151

1609613770531
1609613783898

1609613798355
1609613812343

1609613827157
1609613837412

1609613852002
1609613865272

1609613879874
1609613895552

1609613909912
1609613920444

1609613934891
1609613946547