

1609999625460
1609999677171

1609999693837
1609999736044

1609999752723
1609999794980

1609999811782
1609999863397

1609999880107
1609999931314

1609999948333
1609999999535

1610000015792
1610000056411

1610000072442
1610000103960

1610000120362
1610000170843

1610000187227
1610000218233

1610000233175
1610000263914

1610000279436
1610000318666

1610000336066
1610000368493

1610000384784
1610000417505

1610000432433
1610000457010

1610000472255
1610000505682

1610000520983
1610000555038

1610000569962
1610000602703

1610000617658
1610000642595

1610000658029
1610000691521

1610000706466
1610000733165

1610000748450
1610000779626

1610000794253
1610000826081

1610000840728
1610000863799

1610000878673
1610000910073

1610000925007
1610000956387

1610000970984
1610001001443

1610001016294
1610001045336

1610001059785
1610001089631

1610001104005
1610001135853

1610001150372
1610001178649

1610001192642
1610001220790

1610001237272
1610001265998

1610001281229
1610001309297

1610001323946
1610001351934

1610001366435
1610001388792

1610001402736
1610001431281

1610001445750
1610001473612

1610001488025
1610001516992

1610001531594
1610001561263

1610001575199
1610001602880

1610001616760
1610001645940

1610001660300
1610001688098

1610001702316
1610001725858

1610001739995
1610001768273

1610001782436
1610001811915

1610001826235
1610001845968

1610001860202
1610001893837

1610001907902
1610001940235

1610001954378
1610001983417

1610001997272
1610002024537

1610002038812
1610002071678

1610002085620
1610002109736

1610002125621
1610002149801

1610002166063
1610002195397

1610002209488
1610002237845

1610002251672
1610002281314

1610002295404
1610002333434

1610002347314
1610002383171

1610002396771
1610002421445

1610002435309
1610002462098

1610002475871
1610002499892

1610002514073
1610002543574

1610002557503
1610002595205

1610002609066
1610002630717

1610002646436
1610002681972

1610002697026
1610002736694

1610002750713
1610002777921

1610002791734
1610002830566

1610002844513
1610002879753

1610002893209
1610002930567

1610002944387
1610002980043

1610002994036
1610003031510

1610003047351
1610003083183

1610003098452
1610003131447

1610003145464
1610003178109

1610003192198
1610003228556

1610003242260
1610003286436

1610003300419
1610003335809

1610003349555
1610003384835

1610003399128
1610003431775

1610003445761
1610003486151

1610003500074
1610003537515

1610003551380
1610003590870

1610003604888
1610003634972

1610003649140
1610003681104

1610003695095
1610003730268

1610003744529
1610003783142

1610003796975
1610003833688

1610003847835
1610003893691

1610003908720
1610003943104

1610003960299
1610004003558

1610004019365
1610004056605

1610004071184
1610004101009

1610004115604
1610004138147

1610004152282
1610004188101

1610004202635
1610004234217

1610004249029
1610004292617

1610004307438
1610004353588

1610004368009
1610004399434

1610004415168
1610004450936

1610004466824
1610004497193

1610004515395
1610004551140

1610004567214
1610004607672

1610004623568
1610004657842

1610004674127
1610004720682

1610004736709
1610004770729

1610004786887
1610004831140

1610004847035
1610004885986

1610004901899
1610004941058

1610004960571
1610005006873

1610005026489
1610005067304

1610005087042
1610005123336

1610005142522
1610005179950

1610005199941
1610005247458

1610005267075
1610005307087

1610005326584
1610005362502

1610005382057
1610005419411

1610005439384
1610005480942

1610005500776
1610005541447