

1609516587483
1609516598522

1609516613569
1609516621685

1609516636613
1609516647599

1609516662803
1609516673484

1609516688345
1609516701366

1609516716101
1609516727468

1609516741889
1609516754059

1609516768770
1609516779909

1609516794987
1609516806168

1609516821312
1609516832581

1609516847094
1609516855479

1609516870308
1609516879979

1609516897136
1609516905962

1609516920878
1609516928502

1609516943206
1609516952461

1609516967126
1609516977058

1609516991478
1609517001121

1609517015749
1609517024363

1609517038433
1609517045882

1609517060585
1609517070376

1609517084873
1609517093494

1609517107902
1609517117548

1609517131717
1609517141391

1609517155905
1609517165007

1609517179262
1609517187668

1609517202066
1609517210056

1609517224759
1609517235163

1609517249363
1609517258614

1609517273111
1609517281767

1609517296041
1609517305166

1609517319433
1609517328838

1609517343080
1609517353636

1609517369954
1609517380111

1609517395287
1609517406948

1609517421887
1609517431888

1609517446162
1609517456242

1609517470083
1609517480251

1609517494445
1609517505944

1609517520029
1609517528065

1609517542304
1609517552049

1609517566356
1609517578529

1609517592901
1609517604440

1609517618770
1609517630579

1609517644459
1609517655259

1609517669338
1609517678541

1609517693289
1609517703842

1609517717709
1609517727741

1609517741697
1609517752624

1609517766715
1609517778759

1609517794705
1609517807097

1609517822257
1609517833913

1609517847816
1609517855661

1609517869682
1609517880648

1609517894733
1609517906481

1609517920133
1609517931611

1609517945223
1609517954780

1609517969127
1609517979518

1609517993573
1609518001296

1609518015720
1609518027599

1609518041906
1609518052192

1609518066124
1609518076752

1609518090498
1609518100837

1609518114911
1609518125479

1609518139560
1609518150583

1609518164779
1609518178072

1609518191434
1609518202321

1609518216076
1609518224431

1609518238678
1609518249771

1609518265378
1609518276964

1609518291118
1609518301278

1609518315755
1609518326813

1609518340767
1609518350906

1609518364719
1609518377975

1609518392336
1609518402663

1609518416497
1609518427199

1609518441036
1609518455090

1609518469200
1609518482184

1609518496189
1609518506425

1609518520514
1609518534747

1609518548734
1609518559506

1609518573197
1609518583904

1609518598274
1609518608563

1609518622690
1609518634726

1609518648971
1609518663192

1609518677381
1609518686258

1609518700133
1609518710753

1609518725009
1609518735502

1609518749746
1609518762691

1609518776896
1609518788759

1609518805609
1609518818230

1609518833637
1609518845462

1609518860630
1609518873274

1609518888280
1609518900017

1609518914948
1609518925945

1609518941080
1609518952765

1609518967438
1609518977973

1609518992535
1609519004842

1609519019668
1609519030201

1609519045061
1609519057214

1609519072374
1609519082780