

1609983517069
1609983545232

1609983562110
1609983600512

1609983616465
1609983643585

1609983660362
1609983698971

1609983714996
1609983742738

1609983759388
1609983796487

1609983812923
1609983848510

1609983864165
1609983891284

1609983908205
1609983957899

1609983975797
1609984015764

1609984030966
1609984061145

1609984076852
1609984113602

1609984128610
1609984159383

1609984174869
1609984198955

1609984214175
1609984244529

1609984260527
1609984289716

1609984304568
1609984333563

1609984348823
1609984378680

1609984393724
1609984417910

1609984433271
1609984463119

1609984479801
1609984508101

1609984522685
1609984550598

1609984565149
1609984585872

1609984600485
1609984629313

1609984644006
1609984672215

1609984686825
1609984714910

1609984729588
1609984758197

1609984772822
1609984800428

1609984815277
1609984835222

1609984850247
1609984878289

1609984892542
1609984918590

1609984932839
1609984959813

1609984974213
1609985000976

1609985014987
1609985035209

1609985049370
1609985075591

1609985089881
1609985115631

1609985129963
1609985155068

1609985169606
1609985196006

1609985210270
1609985237075

1609985253534
1609985285964

1609985300187
1609985327889

1609985342102
1609985362724

1609985376720
1609985403954

1609985418350
1609985444903

1609985459089
1609985481110

1609985495334
1609985528946

1609985542877
1609985569867

1609985584098
1609985609375

1609985625563
1609985646069

1609985661400
1609985690510

1609985704218
1609985730718

1609985744648
1609985775489

1609985789295
1609985816331

1609985830131
1609985857815

1609985871560
1609985898833

1609985912624
1609985940481

1609985954618
1609985976240

1609985990114
1609986016271

1609986029718
1609986055835

1609986069583
1609986096163

1609986110093
1609986138146

1609986151933
1609986174426

1609986188308
1609986216673

1609986230273
1609986262815

1609986276966
1609986304129

1609986317979
1609986338264

1609986351963
1609986380926

1609986394694
1609986416476

1609986430182
1609986456844

1609986470574
1609986497737

1609986511377
1609986539941

1609986553596
1609986585246

1609986598899
1609986619962

1609986633722
1609986661710

1609986675419
1609986696604

1609986710705
1609986739072

1609986753186
1609986781017

1609986794760
1609986822617

1609986836088
1609986860957

1609986874776
1609986895015

1609986909605
1609986938002

1609986952056
1609986980828

1609986994764
1609987015898

1609987029703
1609987055316

1609987069126
1609987098674

1609987112831
1609987141180

1609987155286
1609987185287

1609987199261
1609987227250

1609987241350
1609987269931

1609987284305
1609987314820

1609987329734
1609987359845

1609987374110
1609987406768

1609987421691
1609987454402

1609987468966
1609987492510

1609987507043
1609987531278

1609987545514
1609987571462

1609987586244
1609987616574

1609987633225
1609987660515

1609987674968
1609987704350

1609987718889
1609987748208

1609987763992
1609987793191

1609987808907
1609987831584

1609987847481
1609987870846

1609987886843
1609987913853

1609987929966
1609987959730

1609987976057
1609988002937

1609988018702
1609988044652

1609988062985
1609988084713

1609988100248
1609988128011

1609988144018
1609988174348

1609988193597
1609988220492

1609988240015
1609988262410

1609988281824
1609988313591

1609988333198
1609988363900

1609988383281
1609988411624

1609988434094
1609988463595

1609988483477
1609988513862

1609988533537
1609988560500

1609988579852
1609988610981

1609988630388
1609988660363