

1609618145691
1609618156870

1609618171589
1609618184371

1609618199108
1609618213368

1609618227823
1609618238800

1609618253960
1609618267912

1609618282740
1609618293353

1609618308189
1609618322164

1609618336722
1609618347464

1609618362967
1609618376318

1609618391026
1609618405137

1609618419925
1609618432785

1609618447210
1609618456854

1609618471546
1609618482968

1609618497556
1609618508510

1609618522799
1609618534677

1609618549231
1609618561496

1609618576147
1609618589043

1609618603292
1609618616892

1609618631202
1609618643178

1609618657844
1609618667965

1609618682042
1609618694659

1609618708945
1609618718261

1609618732377
1609618742036

1609618756140
1609618767687

1609618781670
1609618793041

1609618807336
1609618817506

1609618831648
1609618842802

1609618857014
1609618867970

1609618882072
1609618893382

1609618907463
1609618921553

1609618935792
1609618947443

1609618961860
1609618976322

1609618990327
1609619004098

1609619018129
1609619031972

1609619045980
1609619056669

1609619070839
1609619083200

1609619097534
1609619112692

1609619126623
1609619137444

1609619151521
1609619162419

1609619176267
1609619186233

1609619200168
1609619213356

1609619227334
1609619243000

1609619257177
1609619273346

1609619287488
1609619302325

1609619315946
1609619328677

1609619343784
1609619356299

1609619370140
1609619386739

1609619401199
1609619416122

1609619430152
1609619441897

1609619455850
1609619468075

1609619482079
1609619496004

1609619509700
1609619525425

1609619539781
1609619550610

1609619564153
1609619581758

1609619595546
1609619612958

1609619626762
1609619642345

1609619656092
1609619669284

1609619683395
1609619697785

1609619712135
1609619727614

1609619741060
1609619754736

1609619770677
1609619785939

1609619800843
1609619814911

1609619828415
1609619843101

1609619857085
1609619872051

1609619885781
1609619901815

1609619915894
1609619932823

1609619946955
1609619957795

1609619971435
1609619984453

1609619998554
1609620015066

1609620028885
1609620041155

1609620055335
1609620069335

1609620083349
1609620098161

1609620112141
1609620125449

1609620139709
1609620153915

1609620168106
1609620180345

1609620194274
1609620206680

1609620220331
1609620230595

1609620244873
1609620259336

1609620273726
1609620288641

1609620304263
1609620316819

1609620332126
1609620346445

1609620360855
1609620377295

1609620391305
1609620410590

1609620424750
1609620438383

1609620452780
1609620464332

1609620478345
1609620492741

1609620506842
1609620520869

1609620535208
1609620547694

1609620562171
1609620575543

1609620589794
1609620605020

1609620619904
1609620631467

1609620646110
1609620658217

1609620673111
1609620687844

1609620703069
1609620714187

1609620729409
1609620742566

1609620757820
1609620769237

1609620784316
1609620797760

1609620812676
1609620825077

1609620839950
1609620852753

1609620867553
1609620882948