

1610005557593
1610005591609

1610005607588
1610005641402

1610005657210
1610005689828

1610005706719
1610005752365

1610005768866
1610005815477

1610005831984
1610005877486

1610005893921
1610005940113

1610005956306
1610005989844

1610006007113
1610006069741

1610006085781
1610006118380

1610006133851
1610006177841

1610006193227
1610006225981

1610006241700
1610006278830

1610006294532
1610006333010

1610006348668
1610006392952

1610006410318
1610006435666

1610006451597
1610006489035

1610006504019
1610006535999

1610006551551
1610006595821

1610006611067
1610006647886

1610006662086
1610006695302

1610006709961
1610006751244

1610006766401
1610006801333

1610006816009
1610006849726

1610006864079
1610006897574

1610006912012
1610006937958

1610006952276
1610006978787

1610006993247
1610007025643

1610007042116
1610007080943

1610007095213
1610007131111

1610007145727
1610007178115

1610007192828
1610007226358

1610007240583
1610007272195

1610007286325
1610007310502

1610007324903
1610007355515

1610007369961
1610007401279

1610007415884
1610007440063

1610007454261
1610007482181

1610007496619
1610007527066

1610007541577
1610007573908

1610007588219
1610007617146

1610007631324
1610007661369

1610007675731
1610007710486

1610007724869
1610007751265

1610007767574
1610007796738

1610007811702
1610007839944

1610007854342
1610007884022

1610007898195
1610007932582

1610007946680
1610007982806

1610007996904
1610008027688

1610008041484
1610008073279

1610008087358
1610008124601

1610008138909
1610008169668

1610008183544
1610008219944

1610008233735
1610008263207

1610008277350
1610008309550

1610008323819
1610008352824

1610008366567
1610008400797

1610008414557
1610008443648

1610008458113
1610008489928

1610008506369
1610008546855

1610008561950
1610008600022

1610008613900
1610008649253

1610008663151
1610008701818

1610008715785
1610008757016

1610008770855
1610008811451

1610008825015
1610008858272

1610008872173
1610008908189

1610008922379
1610008962262

1610008976308
1610009009113

1610009022953
1610009057174

1610009071298
1610009103607

1610009117468
1610009153653

1610009167724
1610009202927

1610009216869
1610009253766

1610009267600
1610009308007

1610009322080
1610009359993

1610009374151
1610009411311

1610009425262
1610009469039

1610009482836
1610009535603

1610009549529
1610009591100

1610009605227
1610009639873

1610009653975
1610009695557

1610009709769
1610009750662

1610009764780
1610009800861

1610009815061
1610009848231

1610009862723
1610009905638

1610009920027
1610009950089

1610009964038
1610010005608

1610010019568
1610010050979

1610010065791
1610010089727

1610010104462
1610010138609

1610010153397
1610010191506

1610010206383
1610010244671

1610010259465
1610010295522

1610010312211
1610010344341

1610010360455
1610010397157

1610010411883
1610010451748

1610010466838
1610010502257

1610010516883
1610010547785

1610010563495
1610010588686

1610010604431
1610010643223

1610010659418
1610010697512

1610010713660
1610010748429

1610010766691
1610010804340

1610010821329
1610010851434

1610010867677
1610010906595

1610010922280
1610010956400

1610010972328
1610011009983

1610011025566
1610011067600

1610011087669
1610011137865

1610011157458
1610011192545

1610011212168
1610011243031

1610011262841
1610011301919

1610011321476
1610011359406

1610011379338
1610011417912

1610011438066
1610011473872

1610011495294
1610011547517

1610011567332
1610011602602

1610011622086
1610011660650