

1609988676000
1609988703403

1609988719461
1609988747908

1609988764032
1609988789765

1609988806343
1609988842573

1609988858017
1609988884764

1609988901272
1609988938432

1609988955144
1609988992705

1609989008932
1609989045412

1609989061740
1609989096571

1609989113138
1609989149971

1609989165435
1609989195666

1609989210921
1609989233029

1609989247910
1609989270064

1609989285086
1609989307347

1609989322720
1609989352591

1609989367817
1609989393241

1609989408469
1609989437711

1609989455637
1609989486085

1609989501145
1609989531085

1609989546223
1609989574658

1609989589470
1609989624925

1609989639677
1609989667673

1609989682593
1609989717121

1609989731885
1609989759067

1609989773715
1609989801481

1609989816043
1609989850648

1609989865442
1609989893746

1609989908122
1609989936282

1609989951212
1609989978799

1609989993933
1609990023159

1609990037503
1609990057912

1609990072192
1609990099764

1609990113992
1609990141221

1609990155601
1609990182386

1609990198823
1609990219640

1609990235010
1609990261636

1609990276003
1609990300808

1609990315625
1609990342290

1609990356906
1609990377137

1609990391496
1609990418447

1609990432514
1609990454671

1609990468690
1609990498850

1609990513224
1609990540217

1609990554243
1609990580130

1609990594460
1609990621663

1609990635819
1609990663799

1609990677869
1609990707850

1609990723928
1609990751613

1609990766860
1609990797043

1609990811126
1609990834002

1609990847808
1609990873447

1609990887273
1609990916637

1609990930619
1609990961048

1609990974764
1609991001939

1609991015765
1609991039679

1609991053328
1609991077316

1609991091273
1609991116329

1609991129957
1609991158980

1609991172864
1609991207742

1609991221446
1609991246873

1609991260775
1609991282914

1609991296775
1609991323750

1609991337284
1609991363686

1609991377314
1609991408708

1609991422693
1609991457743

1609991471728
1609991496295

1609991510112
1609991537314

1609991550985
1609991583293

1609991596877
1609991629126

1609991643309
1609991670356

1609991683903
1609991712876

1609991726824
1609991751335

1609991765247
1609991794404

1609991808277
1609991838890

1609991852645
1609991886363

1609991900338
1609991934277

1609991948227
1609991976158

1609991992502
1609992025052

1609992039546
1609992072241

1609992086216
1609992116452

1609992130511
1609992164539

1609992178790
1609992203628

1609992217391
1609992249967

1609992263847
1609992294523

1609992308455
1609992334750

1609992348577
1609992382946

1609992396892
1609992428548

1609992442497
1609992474060

1609992488174
1609992527060

1609992543100
1609992577589

1609992593073
1609992622341

1609992637050
1609992664679

1609992679238
1609992709526

1609992724003
1609992757307

1609992771788
1609992805451

1609992821604
1609992848277

1609992863388
1609992893062

1609992908086
1609992933618

1609992948822
1609992981088

1609992996252
1609993020738

1609993038463
1609993067267

1609993084402
1609993107109

1609993123574
1609993147824

1609993163658
1609993195493

1609993211048
1609993234987

1609993250902
1609993277619

1609993293603
1609993328312

1609993344346
1609993371510

1609993387631
1609993414078

1609993429724
1609993454541

1609993476681
1609993506100

1609993525754
1609993556469

1609993576176
1609993606174

1609993625556
1609993651144

1609993670323
1609993699979

1609993719401
1609993757356

1609993776528
1609993803720

1609993823022
1609993855674

1609993874956
1609993910532

1609993930073
1609993958967