

1609520116577
1609520127545

1609520142264
1609520153745

1609520168871
1609520182552

1609520197240
1609520207525

1609520222284
1609520230731

1609520246087
1609520257131

1609520271883
1609520281747

1609520296465
1609520307581

1609520322773
1609520331512

1609520346028
1609520357576

1609520371711
1609520381733

1609520396177
1609520405595

1609520420024
1609520430345

1609520444820
1609520455468

1609520470010
1609520479296

1609520493953
1609520502027

1609520517047
1609520526865

1609520541571
1609520550953

1609520565772
1609520576872

1609520592085
1609520601628

1609520616142
1609520625640

1609520640098
1609520649371

1609520663749
1609520675966

1609520690233
1609520698205

1609520712785
1609520722054

1609520736843
1609520746762

1609520763396
1609520772743

1609520788529
1609520799610

1609520814269
1609520823682

1609520838388
1609520846264

1609520860408
1609520872663

1609520886545
1609520898626

1609520912741
1609520925082

1609520939128
1609520951457

1609520965476
1609520974698

1609520988855
1609521002709

1609521017047
1609521025513

1609521039732
1609521050176

1609521064010
1609521076210

1609521090838
1609521099964

1609521114142
1609521127700

1609521141623
1609521156179

1609521170337
1609521183588

1609521197697
1609521208629

1609521222628
1609521235775

1609521249683
1609521258823

1609521272780
1609521287591

1609521301892
1609521313233

1609521327058
1609521338476

1609521352099
1609521368110

1609521382281
1609521396908

1609521410954
1609521426329

1609521440500
1609521450855

1609521464671
1609521478317

1609521492122
1609521501739

1609521515594
1609521527881

1609521541898
1609521551142

1609521564955
1609521576107

1609521590353
1609521602593

1609521616781
1609521627862

1609521642011
1609521657969

1609521671890
1609521685907

1609521699822
1609521714839

1609521729104
1609521744363

1609521758183
1609521771152

1609521785216
1609521799812

1609521813283
1609521825581

1609521839540
1609521852384

1609521866605
1609521881591

1609521895534
1609521909897

1609521924112
1609521938279

1609521952608
1609521963412

1609521977424
1609521988412

1609522002630
1609522016259

1609522030119
1609522043401

1609522057295
1609522069785

1609522083735
1609522094111

1609522108171
1609522123246

1609522137607
1609522152623

1609522166491
1609522180584

1609522196610
1609522209166

1609522225497
1609522234884

1609522249588
1609522262302

1609522276645
1609522287552

1609522301967
1609522313026

1609522326993
1609522339630

1609522354252
1609522364567

1609522378608
1609522390073

1609522404274
1609522416883

1609522430899
1609522439659

1609522454717
1609522466269

1609522481352
1609522494674

1609522509457
1609522517989

1609522532849
1609522545379

1609522561073
1609522571237

1609522587861
1609522600821

1609522616129
1609522627113

1609522642425
1609522654568

1609522669570
1609522681081

1609522696266
1609522707182