

1609970302453
1609970348911

1609970365745
1609970429623

1609970446088
1609970509264

1609970525444
1609970597184

1609970612862
1609970656644

1609970673711
1609970739984

1609970756423
1609970820592

1609970836927
1609970905247

1609970921201
1609970966606

1609970983376
1609971047087

1609971062594
1609971130574

1609971145869
1609971200267

1609971215202
1609971270655

1609971285919
1609971324881

1609971341007
1609971396746

1609971411700
1609971464288

1609971480074
1609971536510

1609971552645
1609971609245

1609971624359
1609971686795

1609971702000
1609971759702

1609971774088
1609971823159

1609971838000
1609971886803

1609971901314
1609971933398

1609971948222
1609971987717

1609972002696
1609972053880

1609972068322
1609972109761

1609972124102
1609972175202

1609972189834
1609972222110

1609972236625
1609972286546

1609972301179
1609972351431

1609972365736
1609972419159

1609972433807
1609972484490

1609972499140
1609972550358

1609972564839
1609972614950

1609972629119
1609972679883

1609972694143
1609972729840

1609972744202
1609972775867

1609972790468
1609972843770

1609972858022
1609972909071

1609972923403
1609972958013

1609972971620
1609973021583

1609973035550
1609973085057

1609973099165
1609973150538

1609973164836
1609973217475

1609973231403
1609973266071

1609973280108
1609973330023

1609973344198
1609973404410

1609973418433
1609973468665

1609973482303
1609973531893

1609973545951
1609973585154

1609973599359
1609973647473

1609973661423
1609973722876

1609973736695
1609973788531

1609973802446
1609973852651

1609973866869
1609973900894

1609973914626
1609973964695

1609973978293
1609974029987

1609974043749
1609974092369

1609974106036
1609974155904

1609974170117
1609974219793

1609974233686
1609974288062

1609974302143
1609974352860

1609974366895
1609974417707

1609974431408
1609974463565

1609974477494
1609974512483

1609974526364
1609974575723

1609974589437
1609974639031

1609974652843
1609974708680

1609974722583
1609974778554

1609974791995
1609974841175

1609974855036
1609974890928

1609974905202
1609974941000

1609974955640
1609975006915

1609975020638
1609975067988

1609975081936
1609975131435

1609975145286
1609975194814

1609975208330
1609975259934

1609975273655
1609975307724

1609975321441
1609975374523

1609975388592
1609975439394

1609975453013
1609975503238

1609975517387
1609975552647

1609975566503
1609975618264

1609975632104
1609975667740

1609975681773
1609975732713

1609975746765
1609975798078

1609975812356
1609975862907

1609975877125
1609975926066

1609975940243
1609976002706

1609976016704
1609976052677

1609976067109
1609976117856

1609976132301
1609976182745

1609976197747
1609976248698

1609976263342
1609976314870

1609976329559
1609976382422

1609976399144
1609976450903

1609976465721
1609976499546

1609976514126
1609976565144

1609976579827
1609976631814

1609976646183
1609976696029

1609976711887
1609976746478

1609976762388
1609976826683

1609976842353
1609976893683

1609976909317
1609976958770

1609976974729
1609977025891

1609977041882
1609977093541

1609977109428
1609977161301

1609977177164
1609977231345

1609977247442
1609977299874

1609977315846
1609977366402

1609977385700
1609977444154

1609977464016
1609977516505

1609977536052
1609977589641

1609977608975
1609977671177

1609977690514
1609977742792

1609977762050
1609977823400

1609977842636
1609977880407

1609977899777
1609977952209

1609977971353
1609978021956

1609978041421
1609978085191
