

1609508304949
1609508327319

1609508344700
1609508362119

1609508376856
1609508393693

1609508408390
1609508425398

1609508439872
1609508452290

1609508467026
1609508479146

1609508493493
1609508509581

1609508524384
1609508540150

1609508554574
1609508571248

1609508586596
1609508598129

1609508612653
1609508630498

1609508645059
1609508660643

1609508675955
1609508690957

1609508705568
1609508720472

1609508734730
1609508749263

1609508763731
1609508781820

1609508796190
1609508811217

1609508825956
1609508840847

1609508855587
1609508870687

1609508885163
1609508900239

1609508914286
1609508929120

1609508943239
1609508957712

1609508972155
1609508987023

1609509001763
1609509015427

1609509029842
1609509047677

1609509061906
1609509076665

1609509091039
1609509108380

1609509122719
1609509137469

1609509151637
1609509166219

1609509180479
1609509191391

1609509205811
1609509221895

1609509236737
1609509250928

1609509265314
1609509280750

1609509294808
1609509307482

1609509321839
1609509331906

1609509346007
1609509360993

1609509375313
1609509389633

1609509404142
1609509417877

1609509432104
1609509447278

1609509461190
1609509476133

1609509489958
1609509503078

1609509517614
1609509531674

1609509545418
1609509561134

1609509575601
1609509589577

1609509603266
1609509617661

1609509631378
1609509646831

1609509660688
1609509675137

1609509688691
1609509703094

1609509717442
1609509731451

1609509745003
1609509755629

1609509769171
1609509783305

1609509796867
1609509811038

1609509824800
1609509839140

1609509853418
1609509868183

1609509882617
1609509899713

1609509913855
1609509929569

1609509943685
1609509959530

1609509973219
1609509984977

1609509999539
1609510017393

1609510031258
1609510045519

1609510059623
1609510074388

1609510088278
1609510099343

1609510113363
1609510128299

1609510142064
1609510156281

1609510169860
1609510180538

1609510194855
1609510210168

1609510223873
1609510237777

1609510251466
1609510269561

1609510283317
1609510298033

1609510312011
1609510326793

1609510341264
1609510352752

1609510366765
1609510381781

1609510396015
1609510408095

1609510423659
1609510438894

1609510452842
1609510467868

1609510481876
1609510492825

1609510506708
1609510517307

1609510531112
1609510541883

1609510555633
1609510570666

1609510584879
1609510600391

1609510614973
1609510630106

1609510644334
1609510659142

1609510673280
1609510688997

1609510703122
1609510718116

1609510732220
1609510743793

1609510758204
1609510775397

1609510791774
1609510807133

1609510821535
1609510836809

1609510851047
1609510865941

1609510880200
1609510895142

1609510909667
1609510920342

1609510935003
1609510950487

1609510965351
1609510982475

1609510997585
1609511013163

1609511028724
1609511044222

1609511058957
1609511071257

1609511086216
1609511100982

1609511115728
1609511132844

1609511147511
1609511163391

1609511178393
1609511195246