

1610011676843
1610011726347

1610011743099
1610011796993

1610011813702
1610011865405

1610011882550
1610011940597

1610011956536
1610011998668

1610012016549
1610012079418

1610012095376
1610012136816

1610012152752
1610012192692

1610012209360
1610012260521

1610012276815
1610012329597

1610012344534
1610012374606

1610012390193
1610012423473

1610012441313
1610012488569

1610012506355
1610012549062

1610012564909
1610012606098

1610012621601
1610012664497

1610012680265
1610012722616

1610012738165
1610012779993

1610012795321
1610012837200

1610012852919
1610012883001

1610012898258
1610012934566

1610012949764
1610012989371

1610013004407
1610013044539

1610013059267
1610013098828

1610013113618
1610013152380

1610013167162
1610013205198

1610013220001
1610013260130

1610013275028
1610013313868

1610013328850
1610013367703

1610013382682
1610013409514

1610013424184
1610013458726

1610013473085
1610013506957

1610013521269
1610013554670

1610013569125
1610013603630

1610013617882
1610013647123

1610013661456
1610013688215

1610013702697
1610013737048

1610013751630
1610013786294

1610013800850
1610013833671

1610013847968
1610013882796

1610013896417
1610013922735

1610013937298
1610013971499

1610013985519
1610014016836

1610014031109
1610014070090

1610014084359
1610014111106

1610014125587
1610014157320

1610014171692
1610014203185

1610014217364
1610014256681

1610014270957
1610014302155

1610014316595
1610014348988

1610014363080
1610014400990

1610014415254
1610014454873

1610014468694
1610014501669

1610014515407
1610014552443

1610014566452
1610014601968

1610014616167
1610014656640

1610014670453
1610014713326

1610014727276
1610014766297

1610014780841
1610014813437

1610014828343
1610014858841

1610014872973
1610014921645

1610014935653
1610014965066

1610014979207
1610015014049

1610015028342
1610015065043

1610015079686
1610015120532

1610015134529
1610015166505

1610015180648
1610015213163

1610015227157
1610015267259

1610015281202
1610015323585

1610015337599
1610015382583

1610015396469
1610015434166

1610015448330
1610015491276

1610015505032
1610015536139

1610015550381
1610015597186

1610015611070
1610015654267

1610015668722
1610015710239

1610015723821
1610015754854

1610015768834
1610015807436

1610015820920
1610015862119

1610015876146
1610015920248

1610015934368
1610015977082

1610015991212
1610016038400

1610016052397
1610016089782

1610016104329
1610016144363

1610016158475
1610016199379

1610016213694
1610016255969

1610016270050
1610016310430

1610016324591
1610016372349

1610016386288
1610016426601

1610016440704
1610016482399

1610016498110
1610016536554

1610016551034
1610016593532

1610016608250
1610016651655

1610016666474
1610016715026

1610016730137
1610016776324

1610016791554
1610016827485

1610016842426
1610016891246

1610016906124
1610016940757

1610016955374
1610016992053

1610017006678
1610017045324

1610017061162
1610017102121

1610017118076
1610017156568

1610017172371
1610017204561

1610017220191
1610017262588

1610017278660
1610017303577

1610017319421
1610017359386

1610017375341
1610017416225

1610017432302
1610017468522

1610017485047
1610017532439

1610017548306
1610017596284

1610017616479
1610017661273

1610017681300
1610017721411

1610017741372
1610017780639

1610017800370
1610017845270

1610017865100
1610017914908

1610017934544
1610017979874

1610017999409
1610018048906

1610018069791
1610018096017

1610018117108
1610018158843

1610018178961
1610018222986