

1609681433983
1609681450495

1609681465343
1609681480872

1609681496329
1609681512108

1609681526923
1609681542810

1609681557519
1609681572913

1609681587617
1609681601974

1609681616426
1609681628420

1609681643381
1609681658496

1609681672974
1609681688178

1609681706554
1609681722214

1609681737790
1609681753839

1609681770226
1609681784505

1609681799719
1609681810844

1609681825763
1609681837996

1609681852857
1609681865917

1609681880427
1609681894539

1609681908898
1609681922426

1609681937245
1609681950668

1609681965308
1609681978599

1609681993111
1609682006180

1609682020660
1609682032960

1609682047440
1609682059447

1609682073681
1609682086431

1609682102112
1609682112874

1609682128436
1609682141360

1609682156113
1609682169430

1609682183657
1609682193682

1609682207827
1609682220096

1609682234405
1609682246388

1609682260524
1609682272992

1609682287198
1609682302880

1609682316975
1609682329176

1609682343055
1609682353334

1609682368266
1609682382752

1609682396779
1609682408913

1609682423276
1609682438421

1609682452759
1609682469003

1609682483164
1609682496113

1609682510145
1609682525290

1609682539466
1609682554582

1609682568508
1609682580946

1609682594941
1609682612135

1609682626577
1609682637510

1609682650914
1609682666342

1609682680170
1609682697471

1609682711447
1609682720853

1609682735024
1609682751396

1609682765451
1609682783530

1609682797556
1609682808167

1609682822284
1609682833691

1609682847543
1609682861515

1609682875391
1609682891470

1609682906052
1609682920362

1609682934555
1609682948552

1609682962273
1609682979513

1609682995275
1609683007899

1609683022944
1609683040910

1609683054633
1609683068392

1609683082512
1609683095006

1609683108948
1609683124370

1609683138306
1609683152300

1609683166399
1609683183080

1609683197239
1609683207735

1609683221749
1609683236173

1609683249907
1609683263708

1609683277499
1609683292729

1609683306836
1609683322276

1609683338399
1609683349964

1609683364295
1609683380108

1609683394029
1609683408916

1609683423005
1609683433252

1609683447539
1609683461139

1609683475336
1609683489508

1609683503420
1609683516699

1609683530880
1609683546112

1609683560213
1609683573649

1609683587701
1609683598804

1609683613095
1609683626970

1609683641107
1609683655781

1609683669819
1609683680742

1609683695041
1609683706198

1609683720502
1609683738198

1609683752890
1609683767618

1609683781702
1609683792521

1609683808378
1609683823503

1609683838058
1609683851951

1609683865805
1609683879554

1609683893699
1609683905969

1609683920704
1609683935585

1609683951318
1609683962737

1609683979198
1609683994344

1609684009405
1609684021721

1609684036469
1609684051225

1609684066783
1609684078451

1609684093280
1609684106980

1609684121744
1609684138638

1609684153633
1609684165280

1609684180338
1609684192602

1609684207867
1609684222957

1609684238295
1609684251883