

1609526223820
1609526235757

1609526250883
1609526263695

1609526279479
1609526291633

1609526306427
1609526317127

1609526331866
1609526343511

1609526358751
1609526370616

1609526385639
1609526395145

1609526409904
1609526421985

1609526437200
1609526446864

1609526461494
1609526473635

1609526488328
1609526497928

1609526512611
1609526522724

1609526537656
1609526547886

1609526562732
1609526572968

1609526587583
1609526595913

1609526610750
1609526620495

1609526635298
1609526643141

1609526658232
1609526669153

1609526683453
1609526692881

1609526707868
1609526719883

1609526734188
1609526743838

1609526758401
1609526767847

1609526782648
1609526794138

1609526808603
1609526818329

1609526833172
1609526843172

1609526858155
1609526868592

1609526885106
1609526894990

1609526909682
1609526917973

1609526932430
1609526942153

1609526956240
1609526965171

1609526979597
1609526994042

1609527008553
1609527020957

1609527035237
1609527044768

1609527059171
1609527068806

1609527083172
1609527096566

1609527111141
1609527122227

1609527136504
1609527149877

1609527164191
1609527177456

1609527192035
1609527205751

1609527219519
1609527227841

1609527242130
1609527258109

1609527272624
1609527283498

1609527297373
1609527311733

1609527325925
1609527338941

1609527352978
1609527364575

1609527378853
1609527388616

1609527403003
1609527417529

1609527431510
1609527445435

1609527459338
1609527473266

1609527487225
1609527498148

1609527512073
1609527527540

1609527541788
1609527556664

1609527570559
1609527584106

1609527597886
1609527612106

1609527626192
1609527640078

1609527654010
1609527666483

1609527680341
1609527694635

1609527708499
1609527721247

1609527734886
1609527749744

1609527763798
1609527778066

1609527792231
1609527805427

1609527819298
1609527831580

1609527845592
1609527859473

1609527873033
1609527885570

1609527899924
1609527915803

1609527929552
1609527942785

1609527956578
1609527972823

1609527986925
1609527999566

1609528013476
1609528028138

1609528042193
1609528053300

1609528067361
1609528081529

1609528095703
1609528111178

1609528125640
1609528137210

1609528151336
1609528164948

1609528178795
1609528192962

1609528206814
1609528222243

1609528236103
1609528249272

1609528263565
1609528274924

1609528289043
1609528299746

1609528313768
1609528325614

1609528340281
1609528353939

1609528367873
1609528381406

1609528396013
1609528407615

1609528422356
1609528436217

1609528450031
1609528460852

1609528475545
1609528487853

1609528502114
1609528514279

1609528528350
1609528539030

1609528553533
1609528563770

1609528577805
1609528587537

1609528602784
1609528620678

1609528635434
1609528647740

1609528662241
1609528672360

1609528687335
1609528701206

1609528715747
1609528725520

1609528740120
1609528756856

1609528772008
1609528784630

1609528799513
1609528808940

1609528823621
1609528835680

1609528850698
1609528863198