

1609993978013
1609994016243

1609994033089
1609994071480

1609994088027
1609994136297

1609994152579
1609994190567

1609994207399
1609994245179

1609994261109
1609994288090

1609994304368
1609994344251

1609994360769
1609994399564

1609994416134
1609994456526

1609994473569
1609994511861

1609994527306
1609994558751

1609994574317
1609994606639

1609994621589
1609994652347

1609994667801
1609994699636

1609994715157
1609994746381

1609994761527
1609994790659

1609994806351
1609994837589

1609994852717
1609994876411

1609994892039
1609994923214

1609994940819
1609994970488

1609994986035
1609995015907

1609995030832
1609995059760

1609995074312
1609995103044

1609995117519
1609995147399

1609995162671
1609995192356

1609995207378
1609995237874

1609995252792
1609995282669

1609995297353
1609995326501

1609995341146
1609995370314

1609995384831
1609995413417

1609995427662
1609995454488

1609995468485
1609995496255

1609995510685
1609995537522

1609995551768
1609995577623

1609995592218
1609995618849

1609995632979
1609995654975

1609995669082
1609995696048

1609995710461
1609995737273

1609995753662
1609995786579

1609995802352
1609995829180

1609995843176
1609995873769

1609995888028
1609995915923

1609995929806
1609995955163

1609995969456
1609995999804

1609996013775
1609996045368

1609996059324
1609996087417

1609996101247
1609996131413

1609996147723
1609996174724

1609996189851
1609996222929

1609996236923
1609996262399

1609996276406
1609996309099

1609996323102
1609996355071

1609996368921
1609996397697

1609996411632
1609996446726

1609996460448
1609996488223

1609996501932
1609996530393

1609996544585
1609996576231

1609996590134
1609996615803

1609996629942
1609996658847

1609996674874
1609996706996

1609996721637
1609996745992

1609996760144
1609996789007

1609996803061
1609996830231

1609996843995
1609996871663

1609996885667
1609996922747

1609996936555
1609996970491

1609996984367
1609997016006

1609997029786
1609997060047

1609997076062
1609997105991

1609997120620
1609997149938

1609997163661
1609997197947

1609997212275
1609997243710

1609997257525
1609997286390

1609997300266
1609997335026

1609997348555
1609997383246

1609997397014
1609997429609

1609997443519
1609997472460

1609997486209
1609997520800

1609997535015
1609997563173

1609997579087
1609997614206

1609997629489
1609997669355

1609997683237
1609997723079

1609997737242
1609997766081

1609997780163
1609997811855

1609997825672
1609997868917

1609997882939
1609997917355

1609997931580
1609997971771

1609997987774
1609998022088

1609998037369
1609998072848

1609998086811
1609998120424

1609998134778
1609998170382

1609998184946
1609998218014

1609998232443
1609998269885

1609998284333
1609998317258

1609998331729
1609998365891

1609998380495
1609998417388

1609998432321
1609998470048

1609998486758
1609998525705

1609998541552
1609998578349

1609998592866
1609998614620

1609998630447
1609998662540

1609998678500
1609998706160

1609998722273
1609998755807

1609998772006
1609998802520

1609998818365
1609998850785

1609998866575
1609998899655

1609998915308
1609998946092

1609998962056
1609998989150

1609999004958
1609999036934

1609999052719
1609999085610

1609999105178
1609999138256

1609999157714
1609999192798

1609999211876
1609999232805

1609999252569
1609999283569

1609999303512
1609999340612

1609999359988
1609999394370

1609999413940
1609999446100

1609999465438
1609999496136

1609999515624
1609999555750

1609999575307
1609999608476