

1609978101826
1609978140879

1609978157821
1609978196217

1609978212724
1609978251712

1609978268991
1609978306939

1609978323498
1609978361498

1609978378114
1609978416120

1609978432137
1609978457238

1609978473581
1609978511442

1609978528247
1609978563660

1609978579948
1609978612301

1609978627991
1609978660715

1609978676435
1609978709811

1609978725990
1609978759101

1609978774204
1609978797894

1609978813366
1609978846667

1609978862076
1609978900167

1609978914575
1609978938686

1609978953922
1609978988766

1609979003659
1609979036801

1609979052360
1609979084904

1609979099333
1609979120247

1609979134704
1609979164600

1609979179373
1609979209927

1609979224707
1609979255485

1609979269947
1609979299445

1609979313994
1609979335854

1609979350168
1609979371987

1609979388668
1609979413065

1609979428000
1609979459001

1609979473742
1609979504074

1609979518162
1609979547370

1609979561771
1609979598886

1609979613409
1609979644309

1609979658431
1609979688603

1609979702877
1609979732180

1609979746249
1609979776889

1609979791208
1609979811195

1609979825317
1609979847300

1609979861611
1609979892045

1609979906368
1609979928402

1609979942453
1609979973967

1609979988118
1609980027033

1609980041050
1609980071523

1609980085280
1609980123363

1609980137372
1609980168557

1609980182495
1609980211907

1609980226032
1609980256314

1609980270408
1609980299750

1609980313715
1609980337458

1609980351774
1609980384220

1609980399223
1609980429823

1609980443747
1609980478169

1609980491878
1609980523582

1609980537043
1609980568814

1609980582736
1609980613958

1609980627575
1609980648319

1609980662062
1609980684243

1609980698262
1609980728674

1609980742415
1609980771971

1609980785643
1609980808416

1609980821986
1609980853981

1609980869455
1609980893194

1609980906974
1609980929895

1609980943561
1609980975201

1609980988849
1609981014440

1609981028207
1609981058216

1609981072284
1609981094330

1609981108299
1609981143044

1609981156699
1609981178871

1609981192511
1609981223817

1609981237734
1609981264614

1609981278447
1609981309111

1609981322989
1609981347408

1609981361283
1609981392233

1609981406441
1609981439296

1609981453108
1609981476150

1609981490094
1609981526900

1609981540936
1609981564418

1609981578097
1609981600191

1609981614107
1609981636892

1609981650766
1609981673036

1609981687105
1609981716731

1609981731009
1609981764838

1609981780618
1609981812849

1609981826573
1609981857305

1609981871074
1609981901516

1609981915545
1609981938954

1609981953402
1609981984737

1609981998342
1609982021770

1609982036215
1609982068744

1609982083608
1609982106281

1609982120641
1609982152168

1609982166683
1609982199315

1609982214167
1609982236833

1609982251117
1609982275399

1609982289914
1609982320619

1609982334987
1609982358250

1609982372574
1609982394597

1609982409082
1609982440243

1609982454819
1609982487019

1609982502471
1609982539771

1609982555736
1609982578873

1609982594546
1609982619357

1609982635719
1609982677085

1609982692899
1609982724586

1609982740340
1609982771953

1609982788048
1609982819293

1609982835198
1609982867214

1609982882897
1609982917923

1609982933880
1609982965992

1609982985718
1609983021100

1609983040702
1609983075852

1609983095408
1609983128567

1609983148113
1609983183526

1609983202898
1609983234384

1609983253912
1609983293172

1609983312764
1609983348095

1609983367765
1609983402450

1609983421842
1609983451039

1609983470579
1609983501005