

1609513292185
1609513301983

1609513319259
1609513327921

1609513342718
1609513351699

1609513367077
1609513380634

1609513395648
1609513406909

1609513421912
1609513433030

1609513448156
1609513459537

1609513474280
1609513485359

1609513500555
1609513512085

1609513526621
1609513534990

1609513549368
1609513559021

1609513573875
1609513584444

1609513599406
1609513609421

1609513624324
1609513634003

1609513648545
1609513658591

1609513673359
1609513683228

1609513697939
1609513708098

1609513722990
1609513732888

1609513747102
1609513756919

1609513770922
1609513781219

1609513795810
1609513805591

1609513820119
1609513830693

1609513845112
1609513855658

1609513870116
1609513878068

1609513892394
1609513900470

1609513914633
1609513924633

1609513939215
1609513949638

1609513964041
1609513973467

1609513987570
1609513998160

1609514012279
1609514022348

1609514036530
1609514044290

1609514058264
1609514066941

1609514081271
1609514091305

1609514105488
1609514116017

1609514130631
1609514140416

1609514154498
1609514164079

1609514178079
1609514187833

1609514202184
1609514212373

1609514226055
1609514237880

1609514251623
1609514260688

1609514275110
1609514283946

1609514297981
1609514308381

1609514322124
1609514333119

1609514347149
1609514357758

1609514371846
1609514381822

1609514396052
1609514403873

1609514418507
1609514428741

1609514442851
1609514452402

1609514466492
1609514477944

1609514492054
1609514502633

1609514516642
1609514526111

1609514540002
1609514551392

1609514565668
1609514575980

1609514589353
1609514598378

1609514613212
1609514624278

1609514643912
1609514653505

1609514667328
1609514678107

1609514691821
1609514704213

1609514718844
1609514729580

1609514743172
1609514753840

1609514767781
1609514777133

1609514791266
1609514803554

1609514817428
1609514828362

1609514842433
1609514853223

1609514867047
1609514877712

1609514891566
1609514902870

1609514916922
1609514926468

1609514940407
1609514951476

1609514966868
1609514978322

1609514993861
1609515005196

1609515019391
1609515030050

1609515044343
1609515054497

1609515068841
1609515079729

1609515093617
1609515103614

1609515117741
1609515129129

1609515143353
1609515154018

1609515168209
1609515178730

1609515193062
1609515204198

1609515218264
1609515228882

1609515243053
1609515250980

1609515265312
1609515275966

1609515290478
1609515301122

1609515318317
1609515327778

1609515343813
1609515354421

1609515368544
1609515379750

1609515394060
1609515406044

1609515420130
1609515432605

1609515447009
1609515458316

1609515472945
1609515484697

1609515498759
1609515508153

1609515522959
1609515534212

1609515549543
1609515561471

1609515576405
1609515586733

1609515601590
1609515613922

1609515629116
1609515641609

1609515656375
1609515667744

1609515682925
1609515695219

1609515710147
1609515720781

1609515735764
1609515746147

1609515761523
1609515772407