

1610408896444
1610408910779

1610408918260
1610408932672

1610408940135
1610408954682

1610408962157
1610408976551

1610408983952
1610408998163

1610409005521
1610409018974

1610409026536
1610409041089

1610409048613
1610409063208

1610409070594
1610409085195

1610409092412
1610409106582

1610409113539
1610409122828

1610409129756
1610409139518

1610409146565
1610409158267

1610409165133
1610409175284

1610409182177
1610409192124

1610409199060
1610409208781

1610409215616
1610409225394

1610409232216
1610409241933

1610409248712
1610409258400

1610409265086
1610409274812

1610409281460
1610409289187

1610409295897
1610409304099

1610409310894
1610409318606

1610409325076
1610409333036

1610409339492
1610409347890

1610409354734
1610409362634

1610409369167
1610409377301

1610409384008
1610409392020

1610409398799
1610409406570

1610409412947
1610409421002

1610409427564
1610409435012

1610409441558
1610409449159

1610409455806
1610409463626

1610409470320
1610409477708

1610409484031
1610409491748

1610409498183
1610409507375

1610409513881
1610409521775

1610409528209
1610409535822

1610409542370
1610409549988

1610409556678
1610409566062

1610409572592
1610409579800

1610409586030
1610409593444

1610409599954
1610409607047

1610409613343
1610409621044

1610409627522
1610409634682

1610409640953
1610409648613

1610409654934
1610409662418

1610409668959
1610409676195

1610409682656
1610409690612

1610409696988
1610409703956

1610409710257
1610409717417

1610409723887
1610409730706

1610409737159
1610409744188

1610409750539
1610409757396

1610409763820
1610409770605

1610409777082
1610409784251

1610409790630
1610409797799

1610409803985
1610409811292

1610409817685
1610409824566

1610409830997
1610409837948

1610409844344
1610409851132

1610409857431
1610409864755

1610409871143
1610409878177

1610409884500
1610409891357

1610409897780
1610409904542

1610409911064
1610409918360

1610409924808
1610409931680

1610409938081
1610409945054

1610409951236
1610409959959

1610409966201
1610409974632

1610409980997
1610409987806

1610409993972
1610410000967

1610410007665
1610410014252

1610410020949
1610410027393

1610410033851
1610410040075

1610410046517
1610410053156

1610410059434
1610410066323

1610410072763
1610410079575

1610410085945
1610410092730

1610410099050
1610410105806

1610410112046
1610410119126

1610410125499
1610410132148

1610410138683
1610410145174

1610410151853
1610410158347

1610410164832
1610410171313

1610410178311
1610410184687

1610410191353
1610410197675

1610410204142
1610410211234

1610410217878
1610410224135

1610410230754
1610410237231

1610410244049
1610410250255

1610410257012
1610410263742

1610410270280
1610410277067

1610410283746
1610410290318

1610410297121
1610410303696

1610410310605
1610410316969

1610410323673
1610410330823

1610410337609
1610410343865

1610410350488
1610410357026

1610410363709
1610410370367

1610410377801
1610410384422

1610410391882
1610410399006

1610410406753
1610410413358

1610410421194
1610410428924

1610410436222
1610410443108

1610410450420
1610410456757

1610410464437
1610410471369

1610410478849
1610410485313

1610410492874
1610410499381

1610410506770
1610410513529

1610410523441
1610410530028

1610410539532
1610410546368

1610410556172
1610410563079

1610410572785
1610410579895

1610410589769
1610410596503

1610410606254
1610410613280

1610410622938
1610410629543

1610410639218
1610410646335

1610410657173
1610410664615

1610410674899
1610410682246