

1610403608286
1610403621648

1610403628975
1610403642676

1610403650309
1610403663700

1610403671043
1610403684149

1610403691740
1610403705256

1610403712728
1610403725770

1610403732984
1610403746290

1610403753956
1610403767163

1610403774629
1610403788051

1610403795596
1610403809535

1610403816717
1610403825993

1610403833159
1610403842386

1610403849510
1610403859117

1610403866192
1610403875368

1610403882432
1610403891604

1610403898482
1610403908137

1610403915172
1610403924183

1610403931325
1610403940957

1610403948149
1610403957725

1610403964869
1610403973987

1610403980549
1610403988070

1610403994560
1610404002020

1610404008909
1610404016138

1610404022749
1610404030516

1610404037506
1610404047216

1610404053817
1610404061405

1610404068081
1610404075662

1610404082193
1610404090042

1610404096770
1610404104329

1610404110881
1610404119156

1610404125996
1610404132880

1610404139580
1610404146357

1610404152972
1610404159827

1610404166607
1610404173447

1610404179807
1610404186722

1610404193208
1610404199905

1610404206509
1610404213384

1610404219720
1610404226902

1610404233625
1610404240579

1610404247228
1610404254236

1610404260578
1610404267305

1610404273785
1610404280300

1610404287034
1610404294013

1610404300673
1610404308140

1610404314661
1610404321411

1610404327760
1610404334594

1610404340860
1610404347518

1610404354108
1610404360209

1610404366830
1610404373250

1610404379767
1610404387038

1610404393588
1610404399518

1610404406207
1610404412516

1610404419185
1610404425603

1610404432068
1610404438181

1610404444890
1610404451655

1610404457969
1610404464270

1610404470738
1610404477104

1610404483976
1610404490620

1610404497611
1610404503876

1610404510403
1610404516780

1610404523401
1610404529513

1610404536108
1610404543853

1610404550275
1610404557063

1610404563676
1610404569787

1610404576203
1610404582170

1610404588650
1610404595082

1610404601308
1610404607509

1610404614103
1610404621079

1610404627667
1610404634741

1610404641060
1610404647741

1610404654058
1610404660200

1610404666342
1610404672978

1610404679455
1610404685339

1610404691778
1610404697845

1610404704519
1610404710885

1610404717239
1610404722985

1610404729231
1610404735989

1610404742146
1610404748404

1610404754850
1610404761723

1610404768190
1610404774425

1610404781034
1610404787226

1610404793916
1610404800302

1610404807085
1610404813279

1610404819762
1610404826738

1610404833564
1610404840242

1610404846401
1610404852826

1610404859311
1610404865834

1610404872765
1610404878854

1610404885589
1610404892240

1610404898802
1610404905023

1610404911832
1610404917905

1610404924680
1610404930824

1610404937719
1610404944323

1610404951165
1610404957471

1610404963965
1610404970867

1610404977645
1610404983942

1610404990520
1610404997535

1610405004340
1610405010796

1610405017657
1610405025026

1610405031759
1610405038069

1610405045642
1610405052142

1610405059667
1610405066394

1610405073885
1610405080413

1610405087820
1610405094245

1610405101687
1610405109128

1610405116766
1610405123587

1610405131102
1610405137150

1610405144938
1610405152008

1610405159840
1610405166275

1610405173796
1610405180306

1610405190195
1610405196636

1610405206218
1610405213021

1610405223256
1610405230053

1610405240120
1610405246119

1610405255937
1610405262805

1610405272451
1610405280610

1610405290989
1610405297785

1610405307151
1610405313555

1610405322997
1610405329858

1610405339704
1610405347337