

1610398486419
1610398499734

1610398506806
1610398519794

1610398527023
1610398539722

1610398547076
1610398559800

1610398567160
1610398579790

1610398587071
1610398599825

1610398606988
1610398619466

1610398627125
1610398640245

1610398647701
1610398660625

1610398668092
1610398680912

1610398687533
1610398696111

1610398703032
1610398711300

1610398718075
1610398726517

1610398733309
1610398741448

1610398748485
1610398758443

1610398765074
1610398773536

1610398780262
1610398788747

1610398795364
1610398803757

1610398810405
1610398818601

1610398825360
1610398833747

1610398840449
1610398848735

1610398855158
1610398862259

1610398869054
1610398876273

1610398882920
1610398890063

1610398896681
1610398903584

1610398910099
1610398917342

1610398924168
1610398931253

1610398937884
1610398946448

1610398953085
1610398959784

1610398966388
1610398973255

1610398980098
1610398986229

1610398992647
1610398998898

1610399005557
1610399011512

1610399018052
1610399025773

1610399032032
1610399038461

1610399044993
1610399051355

1610399057566
1610399063624

1610399070098
1610399076271

1610399082803
1610399088981

1610399095253
1610399101680

1610399108090
1610399115313

1610399121749
1610399127976

1610399134316
1610399140202

1610399146364
1610399152768

1610399159139
1610399165111

1610399171307
1610399177704

1610399184132
1610399191345

1610399197755
1610399203606

1610399210032
1610399215960

1610399222351
1610399229654

1610399235993
1610399241841

1610399248136
1610399256001

1610399262439
1610399268563

1610399274957
1610399280718

1610399286962
1610399293055

1610399299264
1610399305227

1610399311622
1610399317329

1610399323605
1610399331108

1610399337304
1610399343507

1610399349713
1610399355661

1610399362042
1610399368232

1610399374451
1610399380214

1610399386245
1610399392232

1610399398330
1610399405007

1610399411239
1610399417012

1610399423266
1610399429014

1610399435302
1610399441249

1610399447674
1610399453734

1610399459984
1610399465702

1610399472362
1610399478922

1610399485642
1610399492078

1610399498878
1610399505569

1610399512362
1610399519094

1610399525345
1610399531227

1610399537465
1610399543239

1610399549300
1610399555406

1610399561688
1610399567506

1610399573720
1610399579779

1610399586221
1610399592421

1610399598665
1610399604906

1610399611374
1610399617582

1610399623815
1610399630026

1610399636488
1610399643807

1610399650007
1610399656175

1610399662661
1610399668586

1610399675074
1610399681365

1610399687560
1610399693968

1610399700393
1610399706555

1610399712647
1610399718869

1610399725250
1610399730926

1610399737509
1610399743330

1610399749843
1610399756058

1610399762825
1610399768810

1610399775203
1610399781546

1610399788148
1610399793922

1610399800608
1610399806954

1610399813565
1610399819641

1610399825961
1610399832337

1610399839037
1610399845370

1610399851983
1610399857833

1610399865119
1610399871462

1610399878786
1610399885341

1610399892795
1610399898973

1610399907110
1610399913281

1610399921110
1610399928659

1610399936818
1610399943121

1610399951004
1610399957789

1610399965186
1610399971352

1610399978957
1610399985114

1610399992686
1610399998429

1610400008250
1610400014534

1610400024327
1610400030361

1610400040130
1610400046283

1610400056422
1610400062800

1610400072210
1610400078655

1610400088423
1610400094798

1610400104397
1610400110570

1610400120538
1610400126855

1610400136296
1610400142539

1610400152160
1610400159548