

1610410690560
1610410706533

1610410713924
1610410729526

1610410736848
1610410751925

1610410759342
1610410774699

1610410782441
1610410801167

1610410808396
1610410823764

1610410830929
1610410846164

1610410853288
1610410868793

1610410876213
1610410891903

1610410899474
1610410915274

1610410922189
1610410932473

1610410939145
1610410949560

1610410956332
1610410966727

1610410973396
1610410983976

1610410990947
1610411001358

1610411008517
1610411018542

1610411025248
1610411036068

1610411042717
1610411053266

1610411060289
1610411070847

1610411077900
1610411088047

1610411094698
1610411102982

1610411109617
1610411118128

1610411124779
1610411133109

1610411139775
1610411147985

1610411154649
1610411163119

1610411169827
1610411178397

1610411185142
1610411193625

1610411200028
1610411208780

1610411215358
1610411223986

1610411230551
1610411239354

1610411245807
1610411253965

1610411260250
1610411268792

1610411275055
1610411283495

1610411290052
1610411298291

1610411304699
1610411312738

1610411319318
1610411327633

1610411334146
1610411342079

1610411348584
1610411358607

1610411365156
1610411373190

1610411379700
1610411388026

1610411394538
1610411402514

1610411409096
1610411417205

1610411423401
1610411431833

1610411438034
1610411446814

1610411453319
1610411461557

1610411468003
1610411476032

1610411482416
1610411490507

1610411496749
1610411505357

1610411511741
1610411519944

1610411526454
1610411534667

1610411541180
1610411551059

1610411557401
1610411565522

1610411571722
1610411580115

1610411586294
1610411594372

1610411600620
1610411609154

1610411615622
1610411623790

1610411629909
1610411638262

1610411644664
1610411655082

1610411661321
1610411669288

1610411675966
1610411684035

1610411690529
1610411698553

1610411705069
1610411713017

1610411719300
1610411726793

1610411733036
1610411741515

1610411748033
1610411756224

1610411762710
1610411770526

1610411776944
1610411784998

1610411791066
1610411799053

1610411805205
1610411813197

1610411819602
1610411827800

1610411834280
1610411841859

1610411848289
1610411855865

1610411862227
1610411869645

1610411876292
1610411884121

1610411890326
1610411898391

1610411904734
1610411912384

1610411918793
1610411926422

1610411933071
1610411940650

1610411947199
1610411955122

1610411961614
1610411969105

1610411975925
1610411982919

1610411989255
1610411995918

1610412002361
1610412009835

1610412016699
1610412023684

1610412030079
1610412037560

1610412044230
1610412051521

1610412058249
1610412065270

1610412072185
1610412079804

1610412086403
1610412093398

1610412099933
1610412107014

1610412113981
1610412122580

1610412129928
1610412136710

1610412143821
1610412150786

1610412157512
1610412164657

1610412171664
1610412178827

1610412185830
1610412192844

1610412199645
1610412206895

1610412213547
1610412220477

1610412227200
1610412234314

1610412241270
1610412248401

1610412256105
1610412263185

1610412271077
1610412279135

1610412286880
1610412294229

1610412302020
1610412310785

1610412318504
1610412325510

1610412333263
1610412341892

1610412349633
1610412356502

1610412364132
1610412371531

1610412379153
1610412386482

1610412393999
1610412401527

1610412411244
1610412419663

1610412429506
1610412437362

1610412447075
1610412455015

1610412464983
1610412473142

1610412482989
1610412490020

1610412499877
1610412507611

1610412517809
1610412526358

1610412536052
1610412543679

1610412553392
1610412560824

1610412570581
1610412577960