

1610405355388
1610405368415

1610405376148
1610405392661

1610405399821
1610405413813

1610405420984
1610405434863

1610405442151
1610405456299

1610405463541
1610405477442

1610405484921
1610405498559

1610405505932
1610405519806

1610405527182
1610405541522

1610405549174
1610405562670

1610405569484
1610405578952

1610405586205
1610405595850

1610405602978
1610405612217

1610405619180
1610405629093

1610405635945
1610405645023

1610405652051
1610405663630

1610405670842
1610405680549

1610405687473
1610405697786

1610405705192
1610405715026

1610405722228
1610405731715

1610405738652
1610405746647

1610405753461
1610405761151

1610405767512
1610405775329

1610405781833
1610405789781

1610405796682
1610405804520

1610405811242
1610405820530

1610405827266
1610405834736

1610405841590
1610405849222

1610405855637
1610405863488

1610405870416
1610405878071

1610405884372
1610405893622

1610405900332
1610405908902

1610405915260
1610405922529

1610405929145
1610405936069

1610405942745
1610405949848

1610405956189
1610405963483

1610405969999
1610405977164

1610405983585
1610405992263

1610405998562
1610406005582

1610406012056
1610406019138

1610406025396
1610406032516

1610406038885
1610406046172

1610406052751
1610406059137

1610406065499
1610406072246

1610406078694
1610406085843

1610406092945
1610406102164

1610406109150
1610406116161

1610406122773
1610406129124

1610406135600
1610406142100

1610406148484
1610406154940

1610406161368
1610406168915

1610406175073
1610406181353

1610406187482
1610406194002

1610406200566
1610406207314

1610406213808
1610406219976

1610406226223
1610406232875

1610406240021
1610406246853

1610406253514
1610406259991

1610406266844
1610406273424

1610406280629
1610406287068

1610406293883
1610406300314

1610406306636
1610406314200

1610406321113
1610406327949

1610406334771
1610406341012

1610406347365
1610406355229

1610406361708
1610406368306

1610406374799
1610406381062

1610406387978
1610406395017

1610406401617
1610406407730

1610406414034
1610406420670

1610406427353
1610406434753

1610406440958
1610406447408

1610406453643
1610406460928

1610406467532
1610406474017

1610406480272
1610406486196

1610406492671
1610406500563

1610406507154
1610406513465

1610406519768
1610406526545

1610406533083
1610406539758

1610406546071
1610406552768

1610406559089
1610406565594

1610406571825
1610406578279

1610406584760
1610406590626

1610406596749
1610406603182

1610406609785
1610406616570

1610406623880
1610406630959

1610406638322
1610406644949

1610406652249
1610406659522

1610406666022
1610406672069

1610406678551
1610406684573

1610406691434
1610406697948

1610406704620
1610406711488

1610406718200
1610406724807

1610406731264
1610406739125

1610406745710
1610406752096

1610406758916
1610406765174

1610406772114
1610406778555

1610406785478
1610406791814

1610406798598
1610406805634

1610406812489
1610406819064

1610406826405
1610406833911

1610406841495
1610406848239

1610406855881
1610406862010

1610406869638
1610406876153

1610406883726
1610406890351

1610406897651
1610406904323

1610406911591
1610406918797

1610406926265
1610406933123

1610406940634
1610406947583

1610406955184
1610406962307

1610406972055
1610406978865

1610406988367
1610406995218

1610407005090
1610407011930

1610407021222
1610407028055

1610407037916
1610407044065

1610407053809
1610407060513

1610407070685
1610407076966

1610407086384
1610407093319

1610407102800
1610407109448

1610407119119
1610407125387