

1610400167055
1610400180321

1610400187751
1610400200624

1610400208137
1610400221217

1610400228912
1610400241812

1610400249246
1610400262324

1610400269759
1610400283110

1610400290605
1610400303608

1610400311480
1610400324468

1610400332010
1610400345619

1610400352999
1610400366212

1610400373004
1610400382008

1610400388786
1610400397562

1610400404462
1610400414349

1610400421502
1610400430561

1610400437596
1610400446372

1610400453420
1610400462316

1610400469031
1610400478469

1610400485357
1610400494429

1610400501353
1610400510525

1610400517476
1610400526186

1610400533029
1610400540375

1610400546921
1610400554592

1610400561374
1610400568885

1610400575633
1610400583385

1610400589997
1610400597414

1610400603948
1610400611407

1610400618133
1610400625272

1610400631973
1610400639357

1610400645883
1610400653661

1610400660093
1610400667895

1610400674494
1610400681033

1610400687602
1610400694175

1610400700929
1610400707409

1610400713891
1610400720952

1610400727583
1610400734265

1610400740942
1610400747412

1610400753850
1610400760782

1610400767458
1610400773915

1610400780539
1610400787278

1610400794034
1610400800554

1610400806787
1610400813243

1610400819936
1610400826084

1610400832385
1610400838735

1610400845250
1610400851639

1610400858180
1610400864302

1610400870695
1610400878300

1610400884629
1610400890707

1610400896979
1610400903607

1610400910147
1610400916458

1610400923020
1610400929226

1610400935535
1610400941583

1610400948132
1610400954372

1610400960863
1610400966603

1610400972848
1610400979145

1610400985671
1610400991503

1610400998100
1610401003902

1610401010217
1610401016578

1610401023196
1610401030307

1610401036836
1610401042420

1610401048605
1610401054357

1610401060572
1610401066666

1610401072916
1610401078970

1610401085505
1610401092765

1610401099211
1610401105057

1610401111627
1610401117477

1610401123822
1610401129799

1610401136210
1610401142383

1610401148855
1610401155216

1610401161517
1610401167599

1610401173915
1610401180044

1610401186368
1610401192545

1610401199003
1610401205258

1610401211542
1610401218086

1610401224519
1610401230421

1610401236767
1610401243327

1610401249604
1610401256202

1610401262466
1610401268656

1610401275132
1610401281204

1610401287476
1610401293661

1610401300102
1610401305933

1610401312228
1610401318668

1610401325076
1610401331522

1610401337865
1610401344351

1610401350797
1610401356904

1610401363547
1610401369599

1610401376015
1610401382162

1610401388664
1610401394649

1610401401540
1610401407808

1610401414371
1610401420295

1610401426831
1610401432983

1610401439779
1610401447166

1610401453764
1610401460229

1610401466709
1610401473326

1610401479976
1610401486068

1610401492748
1610401498629

1610401505113
1610401511429

1610401518481
1610401524386

1610401530856
1610401537116

1610401543821
1610401549857

1610401556835
1610401563214

1610401570691
1610401576691

1610401584123
1610401590484

1610401598165
1610401604136

1610401611794
1610401617977

1610401625680
1610401632021

1610401639585
1610401645964

1610401653546
1610401659860

1610401667108
1610401673319

1610401680790
1610401686379

1610401693549
1610401700015

1610401709993
1610401716391

1610401726107
1610401732083

1610401741615
1610401748088

1610401757898
1610401764086

1610401774197
1610401780531

1610401790288
1610401797175

1610401807259
1610401813937

1610401823800
1610401830086

1610401840180
1610401846523

1610401856696
1610401863033