

1610394177421
1610394195698

1610394202960
1610394222522

1610394229836
1610394249034

1610394256572
1610394275620

1610394282863
1610394300869

1610394307878
1610394327637

1610394334674
1610394353278

1610394360619
1610394378638

1610394386021
1610394404135

1610394411227
1610394429271

1610394436220
1610394453774

1610394460604
1610394474337

1610394481187
1610394495217

1610394501707
1610394515943

1610394523027
1610394536712

1610394543647
1610394557872

1610394564748
1610394578878

1610394585928
1610394599784

1610394606649
1610394620401

1610394627319
1610394641313

1610394647980
1610394660492

1610394667166
1610394680377

1610394686887
1610394699932

1610394706616
1610394719860

1610394726571
1610394740717

1610394747261
1610394760293

1610394766662
1610394779806

1610394786633
1610394802733

1610394809321
1610394822438

1610394829105
1610394842275

1610394848687
1610394861247

1610394867636
1610394879850

1610394886248
1610394899170

1610394905305
1610394918647

1610394925032
1610394941830

1610394948389
1610394960458

1610394966947
1610394980261

1610394986653
1610394999335

1610395005790
1610395022767

1610395029339
1610395041651

1610395047803
1610395060507

1610395066847
1610395079651

1610395085803
1610395099004

1610395105233
1610395117581

1610395123938
1610395140299

1610395146760
1610395159773

1610395165900
1610395182474

1610395188505
1610395201697

1610395208065
1610395220985

1610395227149
1610395242365

1610395248707
1610395261841

1610395268196
1610395282730

1610395288935
1610395302153

1610395308491
1610395321273

1610395327695
1610395340377

1610395346680
1610395359143

1610395365472
1610395379136

1610395385350
1610395397869

1610395404187
1610395417181

1610395423666
1610395436340

1610395442457
1610395455100

1610395461161
1610395474018

1610395480102
1610395496726

1610395503024
1610395515902

1610395522333
1610395535450

1610395541634
1610395554462

1610395560764
1610395573628

1610395579915
1610395592866

1610395599031
1610395611734

1610395618297
1610395634608

1610395640884
1610395653561

1610395659833
1610395672448

1610395678764
1610395690849

1610395697197
1610395710163

1610395716370
1610395728963

1610395735313
1610395747940

1610395754157
1610395766706

1610395772773
1610395785613

1610395791711
1610395804554

1610395810863
1610395823327

1610395829448
1610395842233

1610395848629
1610395861406

1610395867513
1610395880771

1610395887158
1610395899676

1610395905937
1610395918786

1610395925172
1610395937822

1610395944096
1610395956760

1610395963076
1610395975946

1610395982380
1610395995354

1610396001708
1610396014370

1610396021033
1610396033690

1610396040164
1610396052547

1610396058877
1610396071838

1610396078278
1610396090479

1610396096979
1610396109383

1610396116096
1610396128949

1610396135648
1610396148223

1610396154776
1610396167052

1610396173682
1610396186355

1610396193031
1610396205551

1610396212766
1610396225660

1610396233012
1610396245986

1610396253036
1610396265834

1610396273019
1610396286487

1610396293937
1610396306626

1610396314046
1610396328020

1610396335246
1610396347916

1610396355235
1610396368232

1610396375444
1610396388275

1610396395638
1610396408540

1610396418283
1610396432065

1610396442087
1610396456056

1610396465380
1610396479236

1610396488767
1610396503966

1610396514133
1610396529159

1610396539113
1610396553219

1610396562643
1610396582170

1610396591488
1610396605379

1610396615178
1610396633629

1610396643587
1610396657054