

1610407132842
1610407147332

1610407154748
1610407168684

1610407175928
1610407189940

1610407197656
1610407211782

1610407219659
1610407237382

1610407245298
1610407259341

1610407266917
1610407280944

1610407288380
1610407302439

1610407310075
1610407324249

1610407331828
1610407346409

1610407353538
1610407363185

1610407370077
1610407379690

1610407386790
1610407398573

1610407405728
1610407417727

1610407424431
1610407434673

1610407441740
1610407451357

1610407458102
1610407467891

1610407474902
1610407484533

1610407491341
1610407501312

1610407508346
1610407520330

1610407526977
1610407534645

1610407540987
1610407548864

1610407555388
1610407563781

1610407570471
1610407578395

1610407585062
1610407593223

1610407600111
1610407607958

1610407614794
1610407622548

1610407629372
1610407637379

1610407644183
1610407651814

1610407658536
1610407666194

1610407672973
1610407680235

1610407686982
1610407694104

1610407700456
1610407709508

1610407715869
1610407723476

1610407730036
1610407737060

1610407743617
1610407750700

1610407757039
1610407764519

1610407771147
1610407780074

1610407786632
1610407793627

1610407800167
1610407807223

1610407813613
1610407820498

1610407827004
1610407833517

1610407840047
1610407846480

1610407852961
1610407860432

1610407867083
1610407873976

1610407880286
1610407887327

1610407893821
1610407901875

1610407908183
1610407915079

1610407921391
1610407929899

1610407936185
1610407942999

1610407949327
1610407955946

1610407962108
1610407968770

1610407975170
1610407981635

1610407987907
1610407994572

1610408001008
1610408007594

1610408014159
1610408020543

1610408027048
1610408033340

1610408039723
1610408045977

1610408052454
1610408058791

1610408064916
1610408071732

1610408077947
1610408084357

1610408090919
1610408097214

1610408103681
1610408110304

1610408116692
1610408122999

1610408129532
1610408135883

1610408142080
1610408148793

1610408154934
1610408161846

1610408168039
1610408174891

1610408181216
1610408188258

1610408194356
1610408201062

1610408207168
1610408213627

1610408219839
1610408226124

1610408232504
1610408238724

1610408244988
1610408251550

1610408258038
1610408264639

1610408271109
1610408277672

1610408283825
1610408290551

1610408296977
1610408302776

1610408309016
1610408315483

1610408321707
1610408328444

1610408334792
1610408341384

1610408347988
1610408354327

1610408360577
1610408366772

1610408373258
1610408379026

1610408385643
1610408391858

1610408398271
1610408404518

1610408410735
1610408417768

1610408424192
1610408430551

1610408437009
1610408443216

1610408449828
1610408455977

1610408462645
1610408469097

1610408475791
1610408482085

1610408488688
1610408495158

1610408501988
1610408508207

1610408514916
1610408521530

1610408528421
1610408534629

1610408541241
1610408547684

1610408554528
1610408560770

1610408567367
1610408573913

1610408580433
1610408586956

1610408594231
1610408601108

1610408608563
1610408614733

1610408622014
1610408629128

1610408636698
1610408642867

1610408650197
1610408656498

1610408664087
1610408670262

1610408677756
1610408684861

1610408692157
1610408699033

1610408706686
1610408712987

1610408720312
1610408726615

1610408736507
1610408742172

1610408751754
1610408758212

1610408768281
1610408774853

1610408784463
1610408791164

1610408800573
1610408807096

1610408816796
1610408823562

1610408833705
1610408840408

1610408850534
1610408856885

1610408866680
1610408873267

1610408882869
1610408889255