

1610401870474
1610401884049

1610401891818
1610401907715

1610401915286
1610401928843

1610401936407
1610401949842

1610401957466
1610401971091

1610401978843
1610401991657

1610401999572
1610402015644

1610402022950
1610402036371

1610402044483
1610402057893

1610402065510
1610402078930

1610402085970
1610402095323

1610402102668
1610402112680

1610402119861
1610402129104

1610402135889
1610402145389

1610402152150
1610402161336

1610402168207
1610402177524

1610402184571
1610402195626

1610402202559
1610402211559

1610402218512
1610402227156

1610402234101
1610402243559

1610402250225
1610402257548

1610402264231
1610402271638

1610402278244
1610402285592

1610402292369
1610402299965

1610402306678
1610402314020

1610402320482
1610402328014

1610402334908
1610402342241

1610402349273
1610402356756

1610402363274
1610402370962

1610402377800
1610402385426

1610402391706
1610402398451

1610402404707
1610402411525

1610402417856
1610402424928

1610402431553
1610402438177

1610402444789
1610402451422

1610402458002
1610402464562

1610402470841
1610402477547

1610402484069
1610402490594

1610402497023
1610402504027

1610402510745
1610402517309

1610402523976
1610402530407

1610402537075
1610402543318

1610402550070
1610402556488

1610402562987
1610402569449

1610402576109
1610402582195

1610402588770
1610402595047

1610402601682
1610402608008

1610402614451
1610402620434

1610402627129
1610402633362

1610402640117
1610402646049

1610402652219
1610402658605

1610402665091
1610402670889

1610402677091
1610402684517

1610402691102
1610402696889

1610402703264
1610402710749

1610402716964
1610402723425

1610402730093
1610402737430

1610402743720
1610402750100

1610402756341
1610402763501

1610402769765
1610402776202

1610402782651
1610402788782

1610402795941
1610402802545

1610402809468
1610402816440

1610402823295
1610402829608

1610402836456
1610402842872

1610402849176
1610402855450

1610402861746
1610402867732

1610402874362
1610402880370

1610402886723
1610402892720

1610402899388
1610402905679

1610402912125
1610402918419

1610402924800
1610402931143

1610402937344
1610402943834

1610402950345
1610402956354

1610402962879
1610402968819

1610402975315
1610402981497

1610402987933
1610402994673

1610403001227
1610403007282

1610403013620
1610403020011

1610403026288
1610403032535

1610403039196
1610403045037

1610403051299
1610403059033

1610403065640
1610403073466

1610403079763
1610403086017

1610403092549
1610403098536

1610403105240
1610403111653

1610403117921
1610403124116

1610403131150
1610403137691

1610403144431
1610403150753

1610403157435
1610403163755

1610403170975
1610403178120

1610403185036
1610403191881

1610403198379
1610403206381

1610403213055
1610403219316

1610403225866
1610403232440

1610403239237
1610403245450

1610403251976
1610403257963

1610403264986
1610403271284

1610403277921
1610403284194

1610403290998
1610403297275

1610403304477
1610403310977

1610403318416
1610403324682

1610403332306
1610403338388

1610403345582
1610403352293

1610403359820
1610403366261

1610403373359
1610403379315

1610403386887
1610403393163

1610403400843
1610403407611

1610403415087
1610403421616

1610403429298
1610403435728

1610403445606
1610403452426

1610403462083
1610403467698

1610403477069
1610403483329

1610403493019
1610403499443

1610403509476
1610403517094

1610403526989
1610403533219

1610403543328
1610403550193

1610403560193
1610403566428

1610403576511
1610403584220

1610403594106
1610403600474