

1610396664257
1610396677463

1610396684807
1610396697499

1610396704846
1610396717982

1610396725087
1610396738618

1610396745792
1610396758949

1610396766191
1610396779026

1610396786629
1610396802787

1610396810491
1610396823362

1610396830628
1610396843684

1610396851177
1610396864815

1610396871743
1610396883589

1610396890603
1610396899793

1610396906617
1610396915944

1610396922810
1610396932083

1610396938650
1610396948300

1610396954989
1610396964581

1610396971491
1610396980788

1610396987786
1610396997107

1610397004048
1610397013085

1610397019981
1610397029291

1610397035678
1610397044269

1610397050637
1610397058594

1610397065219
1610397073083

1610397079667
1610397087889

1610397094606
1610397102725

1610397109411
1610397117232

1610397123746
1610397131971

1610397138659
1610397146652

1610397153153
1610397161002

1610397167680
1610397177463

1610397184048
1610397191420

1610397197738
1610397205674

1610397212272
1610397219563

1610397225970
1610397233512

1610397239868
1610397247625

1610397254107
1610397263615

1610397270089
1610397278047

1610397284632
1610397292039

1610397298440
1610397305874

1610397312311
1610397321821

1610397328320
1610397335343

1610397341383
1610397348963

1610397355225
1610397362920

1610397369328
1610397376479

1610397382638
1610397390423

1610397396644
1610397404370

1610397410730
1610397418174

1610397424593
1610397432545

1610397438883
1610397446273

1610397452632
1610397459669

1610397465701
1610397473302

1610397479689
1610397486991

1610397493209
1610397500479

1610397506650
1610397514267

1610397520653
1610397528137

1610397534373
1610397541682

1610397547923
1610397557277

1610397563634
1610397570918

1610397577196
1610397584978

1610397591221
1610397598726

1610397605079
1610397612762

1610397619084
1610397626537

1610397632924
1610397640170

1610397646451
1610397653897

1610397659915
1610397667416

1610397673729
1610397680793

1610397686911
1610397694499

1610397700845
1610397707932

1610397714002
1610397721012

1610397727235
1610397735019

1610397741129
1610397748748

1610397755013
1610397762256

1610397768329
1610397776009

1610397782307
1610397790407

1610397796726
1610397803881

1610397809910
1610397816901

1610397823243
1610397832820

1610397839124
1610397846286

1610397852456
1610397860228

1610397866247
1610397873791

1610397880226
1610397887913

1610397894080
1610397902039

1610397908303
1610397915660

1610397922207
1610397929336

1610397935768
1610397943093

1610397949364
1610397956699

1610397963056
1610397970345

1610397976791
1610397984124

1610397990506
1610397997939

1610398004315
1610398011432

1610398018076
1610398025179

1610398031695
1610398039347

1610398045702
1610398053807

1610398060559
1610398068147

1610398074485
1610398082072

1610398088839
1610398096456

1610398103058
1610398110603

1610398117242
1610398124845

1610398131702
1610398139316

1610398145606
1610398153625

1610398160690
1610398167949

1610398175482
1610398183434

1610398190792
1610398198520

1610398205952
1610398213992

1610398221445
1610398229099

1610398236541
1610398244278

1610398251698
1610398259470

1610398266654
1610398273898

1610398281463
1610398289248

1610398296465
1610398304016

1610398313387
1610398321309

1610398331083
1610398339847

1610398349487
1610398357510

1610398366886
1610398374678

1610398384328
1610398392277

1610398401781
1610398408667

1610398418250
1610398425891

1610398435422
1610398443673

1610398453478
1610398461259

1610398470989
1610398479330